version: '2.0'
created: '2025-11-20T13:39:56.030989'
modified: null
creators:
- given_name: SABIO-RK
  family_name: Database
  mail: sabiork@h-its.org
vessels: null
proteins:
- id: protein_1_8_3_1_P51687_p2296
  name: sulfite dehydrogenase
  ecnumber: 1.8.3.1
  organism: Homo sapiens
  organism_tax_id: null
  synonymous_names: null
  variant_type: wildtype
  variant_description: wildtype
  uniprotid: P51687
  wildtype_sequence: MLLLHRAVVLRLQQACRLKSIPSRICIQACSTNDSFQPQRPSLTFSGDNSSTQGWRVMGTLLGLGAVLAYQDHRCRAAQESTHIYTKEEVSSHTSPETGIWVTLGSEVFDVTEFVDLHPGGPSKLMLAAGGPLEPFWALYAVHNQSHVRELLAQYKIGELNPEDKVAPTVETSDPYADDPVRHPALKVNSQRPFNAEPPPELLTENYITPNPIFFTRNHLPVPNLDPDTYRLHVVGAPGGQSLSLSLDDLHNFPRYEITVTLQCAGNRRSEMTQVKEVKGLEWRTGAISTARWAGARLCDVLAQAGHQLCETEAHVCFEGLDSDPTGTAYGASIPLARAMDPEAEVLLAYEMNGQPLPRDHGFPVRVVVPGVVGARHVKWLGRVSVQPEESYSHWQRRDYKGFSPSVDWETVDFDSAPSIQELPVQSAITEPRDGETVESGEVTIKGYAWSGGGRAVIRVDVSLDGGLTWQVAKLDGEEQRPRKAWAWRLWQLKAPVPAGQKELNIVCKAVDDGYNVQPDTVAPIWNLRGVLSNAWHRVHVYVSP
  mutant_sequence: null
complexes: null
small_molecules:
- id: substrate_Cytochrome_c
  name: Cytochrome c
  canonical_smiles: null
  inchi: null
  inchikey: null
  synonymous_names: null
  KEGGid: null
  CHEbIid: null
  notes: null
- id: substrate_Sulfite
  name: Sulfite
  canonical_smiles: null
  inchi: null
  inchikey: null
  synonymous_names: null
  KEGGid: null
  CHEbIid: null
  notes: null
- id: product_Sulfate
  name: Sulfate
  canonical_smiles: null
  inchi: null
  inchikey: null
  synonymous_names: null
  KEGGid: null
  CHEbIid: null
  notes: null
- id: product_Reduced_cytochrome_c
  name: Reduced cytochrome c
  canonical_smiles: null
  inchi: null
  inchikey: null
  synonymous_names: null
  KEGGid: null
  CHEbIid: null
  notes: null
- id: activator
  name: null
  canonical_smiles: null
  inchi: null
  inchikey: null
  synonymous_names: null
  KEGGid: null
  CHEbIid: null
  notes: null
- id: inhibitor
  name: null
  canonical_smiles: null
  inchi: null
  inchikey: null
  synonymous_names: null
  KEGGid: null
  CHEbIid: null
  notes: null
- id: cofactor
  name: null
  canonical_smiles: null
  inchi: null
  inchikey: null
  synonymous_names: null
  KEGGid: null
  CHEbIid: null
  notes: null
- id: metal
  name: null
  canonical_smiles: null
  inchi: null
  inchikey: null
  synonymous_names: null
  KEGGid: null
  CHEbIid: null
  notes: null
- id: substrate_Reduced_cytochrome_c
  name: Reduced cytochrome c
  canonical_smiles: null
  inchi: null
  inchikey: null
  synonymous_names: null
  KEGGid: null
  CHEbIid: null
  notes: null
- id: substrate_Sulfate
  name: Sulfate
  canonical_smiles: null
  inchi: null
  inchikey: null
  synonymous_names: null
  KEGGid: null
  CHEbIid: null
  notes: null
- id: product_Sulfite
  name: Sulfite
  canonical_smiles: null
  inchi: null
  inchikey: null
  synonymous_names: null
  KEGGid: null
  CHEbIid: null
  notes: null
- id: product_Cytochrome_c
  name: Cytochrome c
  canonical_smiles: null
  inchi: null
  inchikey: null
  synonymous_names: null
  KEGGid: null
  CHEbIid: null
  notes: null
reactions:
- id: sabiork_6938_EC1_8_3_1_Homo_sapiens_P51687_Cytochrome_c
  name: Reaction catalyzed by sulfite dehydrogenase on Cytochrome c
  equation: Sulfite + Cytochrome c + H2O = H+ + Sulfate + Reduced cytochrome c
  smiles_equation: null
  reversible: true
  reactants:
  - species_id: substrate_Cytochrome_c
  - species_id: substrate_Sulfite
  products:
  - species_id: product_Sulfate
  - species_id: product_Reduced_cytochrome_c
  modifiers:
  - species_id: protein_1_8_3_1_P51687_p2296
    role: BIOCATALYST
  selectivity: null
  Rheaid: null
  KEGGid: null
  notes: 'ChEBI IDs: CHEBI:29375; CHEBI:44819; CHEBI:41981; CHEBI:13367; CHEBI:16928;
    CHEBI:45687; CHEBI:48854; CHEBI:9344; CHEBI:42857; CHEBI:41979; CHEBI:29234; CHEBI:17359;
    CHEBI:13357; CHEBI:29199; CHEBI:42043; CHEBI:24636; CHEBI:15139; CHEBI:45693;
    CHEBI:29233; CHEBI:33811; CHEBI:33813; CHEBI:27313; CHEBI:5584; CHEBI:9335; CHEBI:15377;
    CHEBI:18070; CHEBI:13352; CHEBI:43228; CHEBI:5598; CHEBI:44292; CHEBI:15135; CHEBI:33806;
    CHEBI:10743; CHEBI:29374; CHEBI:5585; CHEBI:26837; CHEBI:15378; CHEBI:45696; CHEBI:17137;
    CHEBI:16189; CHEBI:10744; CHEBI:45548; CHEBI:29373; CHEBI:44701; CHEBI:26836

    KEGG IDs: KEGG:C00080; KEGG:C11481; KEGG:C00126; KEGG:C00524; KEGG:C00001; KEGG:C00059;
    KEGG:C00094'
- id: sabiork_6938_EC1_8_3_1_Homo_sapiens_P51687_Cytochrome_c
  name: Reaction catalyzed by sulfite dehydrogenase on Cytochrome c
  equation: Sulfite + Cytochrome c + H2O = H+ + Sulfate + Reduced cytochrome c
  smiles_equation: null
  reversible: true
  reactants:
  - species_id: substrate_Cytochrome_c
  - species_id: substrate_Sulfite
  products:
  - species_id: product_Reduced_cytochrome_c
  - species_id: product_Sulfate
  modifiers:
  - species_id: protein_1_8_3_1_P51687_p2319
    role: BIOCATALYST
  selectivity: null
  Rheaid: null
  KEGGid: null
  notes: 'ChEBI IDs: CHEBI:29375; CHEBI:44819; CHEBI:41981; CHEBI:13367; CHEBI:16928;
    CHEBI:45687; CHEBI:48854; CHEBI:9344; CHEBI:42857; CHEBI:41979; CHEBI:29234; CHEBI:17359;
    CHEBI:13357; CHEBI:29199; CHEBI:42043; CHEBI:24636; CHEBI:15139; CHEBI:45693;
    CHEBI:29233; CHEBI:33811; CHEBI:33813; CHEBI:27313; CHEBI:5584; CHEBI:9335; CHEBI:15377;
    CHEBI:18070; CHEBI:13352; CHEBI:43228; CHEBI:5598; CHEBI:44292; CHEBI:15135; CHEBI:33806;
    CHEBI:10743; CHEBI:29374; CHEBI:5585; CHEBI:26837; CHEBI:15378; CHEBI:45696; CHEBI:17137;
    CHEBI:16189; CHEBI:10744; CHEBI:45548; CHEBI:29373; CHEBI:44701; CHEBI:26836

    KEGG IDs: KEGG:C00080; KEGG:C00126; KEGG:C11481; KEGG:C00524; KEGG:C00001; KEGG:C00059;
    KEGG:C00094'
- id: sabiork_6938_EC1_8_3_1_Homo_sapiens_P51687_Cytochrome_c
  name: Reaction catalyzed by sulfite dehydrogenase on Cytochrome c
  equation: Sulfite + Cytochrome c + H2O = H+ + Sulfate + Reduced cytochrome c
  smiles_equation: null
  reversible: true
  reactants:
  - species_id: substrate_Cytochrome_c
  - species_id: substrate_Sulfite
  products:
  - species_id: product_Sulfate
  - species_id: product_Reduced_cytochrome_c
  modifiers:
  - species_id: protein_1_8_3_1_P51687_p2317
    role: BIOCATALYST
  selectivity: null
  Rheaid: null
  KEGGid: null
  notes: 'ChEBI IDs: CHEBI:29375; CHEBI:44819; CHEBI:41981; CHEBI:13367; CHEBI:16928;
    CHEBI:45687; CHEBI:48854; CHEBI:9344; CHEBI:42857; CHEBI:41979; CHEBI:29234; CHEBI:17359;
    CHEBI:13357; CHEBI:29199; CHEBI:42043; CHEBI:24636; CHEBI:15139; CHEBI:45693;
    CHEBI:29233; CHEBI:33811; CHEBI:33813; CHEBI:27313; CHEBI:5584; CHEBI:9335; CHEBI:15377;
    CHEBI:18070; CHEBI:13352; CHEBI:43228; CHEBI:5598; CHEBI:44292; CHEBI:15135; CHEBI:33806;
    CHEBI:10743; CHEBI:29374; CHEBI:5585; CHEBI:26837; CHEBI:15378; CHEBI:45696; CHEBI:17137;
    CHEBI:16189; CHEBI:10744; CHEBI:45548; CHEBI:29373; CHEBI:44701; CHEBI:26836

    KEGG IDs: KEGG:C00080; KEGG:C11481; KEGG:C00126; KEGG:C00524; KEGG:C00001; KEGG:C00059;
    KEGG:C00094'
- id: sabiork_6938_EC1_8_3_1_Homo_sapiens_P51687_Cytochrome_c
  name: Reaction catalyzed by sulfite dehydrogenase on Cytochrome c
  equation: Sulfite + Cytochrome c + H2O = H+ + Sulfate + Reduced cytochrome c
  smiles_equation: null
  reversible: true
  reactants:
  - species_id: substrate_Cytochrome_c
  - species_id: substrate_Sulfite
  products:
  - species_id: product_Reduced_cytochrome_c
  - species_id: product_Sulfate
  modifiers:
  - species_id: protein_1_8_3_1_P51687_p2318
    role: BIOCATALYST
  selectivity: null
  Rheaid: null
  KEGGid: null
  notes: 'ChEBI IDs: CHEBI:29375; CHEBI:44819; CHEBI:41981; CHEBI:13367; CHEBI:16928;
    CHEBI:45687; CHEBI:48854; CHEBI:9344; CHEBI:42857; CHEBI:41979; CHEBI:29234; CHEBI:17359;
    CHEBI:13357; CHEBI:29199; CHEBI:42043; CHEBI:24636; CHEBI:15139; CHEBI:45693;
    CHEBI:29233; CHEBI:33811; CHEBI:33813; CHEBI:27313; CHEBI:5584; CHEBI:9335; CHEBI:15377;
    CHEBI:18070; CHEBI:13352; CHEBI:43228; CHEBI:5598; CHEBI:44292; CHEBI:15135; CHEBI:33806;
    CHEBI:10743; CHEBI:29374; CHEBI:5585; CHEBI:26837; CHEBI:15378; CHEBI:45696; CHEBI:17137;
    CHEBI:16189; CHEBI:10744; CHEBI:45548; CHEBI:29373; CHEBI:44701; CHEBI:26836

    KEGG IDs: KEGG:C00080; KEGG:C00126; KEGG:C11481; KEGG:C00524; KEGG:C00001; KEGG:C00059;
    KEGG:C00094'
- id: sabiork_6938_EC1_8_3_1_Homo_sapiens_P51687_Cytochrome_c
  name: Reaction catalyzed by sulfite dehydrogenase on Cytochrome c
  equation: Sulfite + Cytochrome c + H2O = H+ + Sulfate + Reduced cytochrome c
  smiles_equation: null
  reversible: true
  reactants:
  - species_id: substrate_Cytochrome_c
  - species_id: substrate_Sulfite
  products:
  - species_id: product_Reduced_cytochrome_c
  - species_id: product_Sulfate
  modifiers:
  - species_id: protein_1_8_3_1_P51687_p2297
    role: BIOCATALYST
  selectivity: null
  Rheaid: null
  KEGGid: null
  notes: 'ChEBI IDs: CHEBI:29375; CHEBI:44819; CHEBI:41981; CHEBI:13367; CHEBI:16928;
    CHEBI:45687; CHEBI:9344; CHEBI:48854; CHEBI:42857; CHEBI:41979; CHEBI:29234; CHEBI:17359;
    CHEBI:13357; CHEBI:29199; CHEBI:42043; CHEBI:24636; CHEBI:15139; CHEBI:45693;
    CHEBI:29233; CHEBI:33811; CHEBI:33813; CHEBI:27313; CHEBI:5584; CHEBI:9335; CHEBI:15377;
    CHEBI:18070; CHEBI:13352; CHEBI:43228; CHEBI:5598; CHEBI:44292; CHEBI:15135; CHEBI:33806;
    CHEBI:10743; CHEBI:29374; CHEBI:5585; CHEBI:26837; CHEBI:15378; CHEBI:45696; CHEBI:17137;
    CHEBI:16189; CHEBI:10744; CHEBI:45548; CHEBI:29373; CHEBI:44701; CHEBI:26836

    KEGG IDs: KEGG:C00080; KEGG:C11481; KEGG:C00126; KEGG:C00524; KEGG:C00001; KEGG:C00059;
    KEGG:C00094'
- id: sabiork_6938_EC1_8_3_1_Homo_sapiens_P51687_Cytochrome_c
  name: Reaction catalyzed by sulfite dehydrogenase on Cytochrome c
  equation: Sulfite + Cytochrome c + H2O = H+ + Sulfate + Reduced cytochrome c
  smiles_equation: null
  reversible: true
  reactants:
  - species_id: substrate_Cytochrome_c
  - species_id: substrate_Sulfite
  products:
  - species_id: product_Sulfate
  - species_id: product_Reduced_cytochrome_c
  modifiers:
  - species_id: protein_1_8_3_1_P51687_p2299
    role: BIOCATALYST
  selectivity: null
  Rheaid: null
  KEGGid: null
  notes: 'ChEBI IDs: CHEBI:29375; CHEBI:44819; CHEBI:41981; CHEBI:13367; CHEBI:16928;
    CHEBI:45687; CHEBI:48854; CHEBI:9344; CHEBI:42857; CHEBI:41979; CHEBI:29234; CHEBI:17359;
    CHEBI:13357; CHEBI:29199; CHEBI:42043; CHEBI:24636; CHEBI:15139; CHEBI:45693;
    CHEBI:9335; CHEBI:33811; CHEBI:33813; CHEBI:27313; CHEBI:5584; CHEBI:29233; CHEBI:15377;
    CHEBI:18070; CHEBI:13352; CHEBI:43228; CHEBI:5598; CHEBI:44292; CHEBI:15135; CHEBI:33806;
    CHEBI:10743; CHEBI:29374; CHEBI:5585; CHEBI:26837; CHEBI:15378; CHEBI:45696; CHEBI:17137;
    CHEBI:16189; CHEBI:10744; CHEBI:45548; CHEBI:29373; CHEBI:44701; CHEBI:26836

    KEGG IDs: KEGG:C00080; KEGG:C11481; KEGG:C00126; KEGG:C00059; KEGG:C00524; KEGG:C00001;
    KEGG:C00094'
- id: sabiork_6938_EC1_8_3_1_Homo_sapiens_P51687_Cytochrome_c
  name: Reaction catalyzed by sulfite dehydrogenase on Cytochrome c
  equation: Sulfite + Cytochrome c + H2O = H+ + Sulfate + Reduced cytochrome c
  smiles_equation: null
  reversible: true
  reactants:
  - species_id: substrate_Cytochrome_c
  - species_id: substrate_Sulfite
  products:
  - species_id: product_Reduced_cytochrome_c
  - species_id: product_Sulfate
  modifiers:
  - species_id: protein_1_8_3_1_P51687_p2298
    role: BIOCATALYST
  selectivity: null
  Rheaid: null
  KEGGid: null
  notes: 'ChEBI IDs: CHEBI:29375; CHEBI:44819; CHEBI:41981; CHEBI:13367; CHEBI:16928;
    CHEBI:45687; CHEBI:9344; CHEBI:48854; CHEBI:42857; CHEBI:41979; CHEBI:29234; CHEBI:17359;
    CHEBI:13357; CHEBI:29199; CHEBI:42043; CHEBI:24636; CHEBI:15139; CHEBI:45693;
    CHEBI:29233; CHEBI:33811; CHEBI:33813; CHEBI:27313; CHEBI:5584; CHEBI:9335; CHEBI:15377;
    CHEBI:18070; CHEBI:13352; CHEBI:43228; CHEBI:5598; CHEBI:44292; CHEBI:15135; CHEBI:33806;
    CHEBI:10743; CHEBI:29374; CHEBI:5585; CHEBI:26837; CHEBI:15378; CHEBI:45696; CHEBI:17137;
    CHEBI:16189; CHEBI:10744; CHEBI:45548; CHEBI:29373; CHEBI:44701; CHEBI:26836

    KEGG IDs: KEGG:C00080; KEGG:C11481; KEGG:C00126; KEGG:C00524; KEGG:C00001; KEGG:C00059;
    KEGG:C00094'
- id: sabiork_6938_EC1_8_3_1_Homo_sapiens_P51687_Cytochrome_c
  name: Reaction catalyzed by sulfite dehydrogenase on Cytochrome c
  equation: Sulfite + Cytochrome c + H2O = H+ + Sulfate + Reduced cytochrome c
  smiles_equation: null
  reversible: true
  reactants:
  - species_id: substrate_Cytochrome_c
  - species_id: substrate_Sulfite
  products:
  - species_id: product_Reduced_cytochrome_c
  - species_id: product_Sulfate
  modifiers:
  - species_id: protein_1_8_3_1_P51687_p2301
    role: BIOCATALYST
  selectivity: null
  Rheaid: null
  KEGGid: null
  notes: 'ChEBI IDs: CHEBI:29375; CHEBI:44819; CHEBI:41981; CHEBI:13367; CHEBI:16928;
    CHEBI:45687; CHEBI:48854; CHEBI:9344; CHEBI:42857; CHEBI:41979; CHEBI:29234; CHEBI:17359;
    CHEBI:13357; CHEBI:29199; CHEBI:42043; CHEBI:24636; CHEBI:15139; CHEBI:45693;
    CHEBI:9335; CHEBI:33811; CHEBI:33813; CHEBI:27313; CHEBI:5584; CHEBI:29233; CHEBI:15377;
    CHEBI:18070; CHEBI:13352; CHEBI:43228; CHEBI:5598; CHEBI:44292; CHEBI:15135; CHEBI:33806;
    CHEBI:10743; CHEBI:29374; CHEBI:5585; CHEBI:26837; CHEBI:15378; CHEBI:45696; CHEBI:17137;
    CHEBI:16189; CHEBI:10744; CHEBI:45548; CHEBI:29373; CHEBI:44701; CHEBI:26836

    KEGG IDs: KEGG:C00080; KEGG:C00126; KEGG:C11481; KEGG:C00524; KEGG:C00001; KEGG:C00059;
    KEGG:C00094'
- id: sabiork_6938_EC1_8_3_1_Homo_sapiens_P51687_Cytochrome_c
  name: Reaction catalyzed by sulfite dehydrogenase on Cytochrome c
  equation: Sulfite + Cytochrome c + H2O = H+ + Sulfate + Reduced cytochrome c
  smiles_equation: null
  reversible: true
  reactants:
  - species_id: substrate_Cytochrome_c
  - species_id: substrate_Sulfite
  products:
  - species_id: product_Sulfate
  - species_id: product_Reduced_cytochrome_c
  modifiers:
  - species_id: protein_1_8_3_1_P51687_p2310
    role: BIOCATALYST
  selectivity: null
  Rheaid: null
  KEGGid: null
  notes: 'ChEBI IDs: CHEBI:29375; CHEBI:44819; CHEBI:41981; CHEBI:13367; CHEBI:16928;
    CHEBI:45687; CHEBI:48854; CHEBI:9344; CHEBI:42857; CHEBI:41979; CHEBI:29234; CHEBI:17359;
    CHEBI:13357; CHEBI:29199; CHEBI:42043; CHEBI:24636; CHEBI:15139; CHEBI:45693;
    CHEBI:9335; CHEBI:33811; CHEBI:33813; CHEBI:27313; CHEBI:5584; CHEBI:29233; CHEBI:15377;
    CHEBI:18070; CHEBI:13352; CHEBI:43228; CHEBI:5598; CHEBI:44292; CHEBI:15135; CHEBI:33806;
    CHEBI:10743; CHEBI:29374; CHEBI:5585; CHEBI:26837; CHEBI:15378; CHEBI:45696; CHEBI:17137;
    CHEBI:16189; CHEBI:10744; CHEBI:45548; CHEBI:29373; CHEBI:44701; CHEBI:26836

    KEGG IDs: KEGG:C00080; KEGG:C11481; KEGG:C00126; KEGG:C00059; KEGG:C00524; KEGG:C00001;
    KEGG:C00094'
- id: sabiork_6938_EC1_8_3_1_Homo_sapiens_P51687_Cytochrome_c
  name: Reaction catalyzed by sulfite dehydrogenase on Cytochrome c
  equation: Sulfite + Cytochrome c + H2O = H+ + Sulfate + Reduced cytochrome c
  smiles_equation: null
  reversible: true
  reactants:
  - species_id: substrate_Cytochrome_c
  - species_id: substrate_Sulfite
  products:
  - species_id: product_Sulfate
  - species_id: product_Reduced_cytochrome_c
  modifiers:
  - species_id: protein_1_8_3_1_P51687_p2311
    role: BIOCATALYST
  selectivity: null
  Rheaid: null
  KEGGid: null
  notes: 'ChEBI IDs: CHEBI:29375; CHEBI:44819; CHEBI:41981; CHEBI:13367; CHEBI:16928;
    CHEBI:45687; CHEBI:48854; CHEBI:9344; CHEBI:42857; CHEBI:41979; CHEBI:29234; CHEBI:17359;
    CHEBI:13357; CHEBI:29199; CHEBI:42043; CHEBI:24636; CHEBI:15139; CHEBI:45693;
    CHEBI:9335; CHEBI:33811; CHEBI:33813; CHEBI:27313; CHEBI:5584; CHEBI:29233; CHEBI:15377;
    CHEBI:18070; CHEBI:13352; CHEBI:43228; CHEBI:5598; CHEBI:44292; CHEBI:15135; CHEBI:33806;
    CHEBI:10743; CHEBI:29374; CHEBI:5585; CHEBI:26837; CHEBI:15378; CHEBI:45696; CHEBI:17137;
    CHEBI:16189; CHEBI:10744; CHEBI:45548; CHEBI:29373; CHEBI:44701; CHEBI:26836

    KEGG IDs: KEGG:C00080; KEGG:C11481; KEGG:C00126; KEGG:C00059; KEGG:C00524; KEGG:C00001;
    KEGG:C00094'
- id: sabiork_6938_EC1_8_3_1_Homo_sapiens_P51687_Cytochrome_c
  name: Reaction catalyzed by sulfite dehydrogenase on Cytochrome c
  equation: Sulfite + Cytochrome c + H2O = H+ + Sulfate + Reduced cytochrome c
  smiles_equation: null
  reversible: true
  reactants:
  - species_id: substrate_Cytochrome_c
  - species_id: substrate_Sulfite
  products:
  - species_id: product_Sulfate
  - species_id: product_Reduced_cytochrome_c
  modifiers:
  - species_id: protein_1_8_3_1_P51687_p2312
    role: BIOCATALYST
  selectivity: null
  Rheaid: null
  KEGGid: null
  notes: 'ChEBI IDs: CHEBI:29375; CHEBI:44819; CHEBI:41981; CHEBI:13367; CHEBI:16928;
    CHEBI:45687; CHEBI:9344; CHEBI:48854; CHEBI:42857; CHEBI:41979; CHEBI:29234; CHEBI:17359;
    CHEBI:13357; CHEBI:29199; CHEBI:42043; CHEBI:24636; CHEBI:15139; CHEBI:45693;
    CHEBI:29233; CHEBI:33811; CHEBI:33813; CHEBI:27313; CHEBI:5584; CHEBI:9335; CHEBI:15377;
    CHEBI:18070; CHEBI:13352; CHEBI:43228; CHEBI:5598; CHEBI:44292; CHEBI:15135; CHEBI:33806;
    CHEBI:10743; CHEBI:29374; CHEBI:5585; CHEBI:26837; CHEBI:15378; CHEBI:45696; CHEBI:17137;
    CHEBI:16189; CHEBI:10744; CHEBI:45548; CHEBI:29373; CHEBI:44701; CHEBI:26836

    KEGG IDs: KEGG:C00080; KEGG:C11481; KEGG:C00126; KEGG:C00524; KEGG:C00001; KEGG:C00059;
    KEGG:C00094'
- id: sabiork_6938_EC1_8_3_1_Homo_sapiens_P51687_Reduced_cytochrome_c
  name: Reaction catalyzed by sulfite dehydrogenase on Reduced cytochrome c
  equation: Sulfite + Cytochrome c + H2O = H+ + Sulfate + Reduced cytochrome c
  smiles_equation: null
  reversible: true
  reactants:
  - species_id: substrate_Reduced_cytochrome_c
  - species_id: substrate_Sulfate
  products:
  - species_id: product_Sulfite
  - species_id: product_Cytochrome_c
  modifiers:
  - species_id: protein_1_8_3_1_P51687_p6025
    role: BIOCATALYST
  selectivity: null
  Rheaid: null
  KEGGid: null
  notes: 'ChEBI IDs: CHEBI:29375; CHEBI:44819; CHEBI:41981; CHEBI:13367; CHEBI:16928;
    CHEBI:45687; CHEBI:48854; CHEBI:9344; CHEBI:42857; CHEBI:41979; CHEBI:29234; CHEBI:17359;
    CHEBI:13357; CHEBI:29199; CHEBI:42043; CHEBI:24636; CHEBI:15139; CHEBI:45693;
    CHEBI:9335; CHEBI:29233; CHEBI:5584; CHEBI:33813; CHEBI:33811; CHEBI:27313; CHEBI:15377;
    CHEBI:18070; CHEBI:13352; CHEBI:43228; CHEBI:5598; CHEBI:44292; CHEBI:15135; CHEBI:33806;
    CHEBI:10743; CHEBI:29374; CHEBI:5585; CHEBI:15378; CHEBI:26837; CHEBI:45696; CHEBI:17137;
    CHEBI:16189; CHEBI:10744; CHEBI:45548; CHEBI:29373; CHEBI:44701; CHEBI:26836

    KEGG IDs: KEGG:C00080; KEGG:C00126; KEGG:C11481; KEGG:C00059; KEGG:C00001; KEGG:C00524;
    KEGG:C00094'
- id: sabiork_6938_EC1_8_3_1_Homo_sapiens_P51687_Reduced_cytochrome_c
  name: Reaction catalyzed by sulfite dehydrogenase on Reduced cytochrome c
  equation: Sulfite + Cytochrome c + H2O = H+ + Sulfate + Reduced cytochrome c
  smiles_equation: null
  reversible: true
  reactants:
  - species_id: substrate_Reduced_cytochrome_c
  - species_id: substrate_Sulfate
  products:
  - species_id: product_Cytochrome_c
  - species_id: product_Sulfite
  modifiers:
  - species_id: protein_1_8_3_1_P51687_p6026
    role: BIOCATALYST
  selectivity: null
  Rheaid: null
  KEGGid: null
  notes: 'ChEBI IDs: CHEBI:29375; CHEBI:44819; CHEBI:41981; CHEBI:13367; CHEBI:16928;
    CHEBI:45687; CHEBI:48854; CHEBI:9344; CHEBI:42857; CHEBI:41979; CHEBI:29234; CHEBI:17359;
    CHEBI:13357; CHEBI:29199; CHEBI:42043; CHEBI:24636; CHEBI:15139; CHEBI:44701;
    CHEBI:45693; CHEBI:29233; CHEBI:9335; CHEBI:5584; CHEBI:33813; CHEBI:33811; CHEBI:27313;
    CHEBI:15377; CHEBI:18070; CHEBI:13352; CHEBI:43228; CHEBI:5598; CHEBI:44292; CHEBI:15135;
    CHEBI:33806; CHEBI:10743; CHEBI:29374; CHEBI:5585; CHEBI:15378; CHEBI:26837; CHEBI:45696;
    CHEBI:17137; CHEBI:16189; CHEBI:10744; CHEBI:29373; CHEBI:45548; CHEBI:26836

    KEGG IDs: KEGG:C00080; KEGG:C00126; KEGG:C11481; KEGG:C00059; KEGG:C00524; KEGG:C00001;
    KEGG:C00094'
- id: sabiork_6938_EC1_8_3_1_Homo_sapiens_P51687_Cytochrome_c
  name: Reaction catalyzed by sulfite dehydrogenase on Cytochrome c
  equation: Sulfite + Cytochrome c + H2O = H+ + Sulfate + Reduced cytochrome c
  smiles_equation: null
  reversible: true
  reactants:
  - species_id: substrate_Cytochrome_c
  - species_id: substrate_Sulfite
  products:
  - species_id: product_Sulfate
  - species_id: product_Reduced_cytochrome_c
  modifiers:
  - species_id: protein_1_8_3_1_P51687_p2315
    role: BIOCATALYST
  selectivity: null
  Rheaid: null
  KEGGid: null
  notes: 'ChEBI IDs: CHEBI:29375; CHEBI:44819; CHEBI:41981; CHEBI:13367; CHEBI:16928;
    CHEBI:45687; CHEBI:48854; CHEBI:9344; CHEBI:42857; CHEBI:41979; CHEBI:29234; CHEBI:17359;
    CHEBI:13357; CHEBI:29199; CHEBI:42043; CHEBI:24636; CHEBI:15139; CHEBI:45693;
    CHEBI:9335; CHEBI:33811; CHEBI:33813; CHEBI:27313; CHEBI:5584; CHEBI:29233; CHEBI:15377;
    CHEBI:18070; CHEBI:13352; CHEBI:43228; CHEBI:5598; CHEBI:44292; CHEBI:15135; CHEBI:33806;
    CHEBI:10743; CHEBI:29374; CHEBI:5585; CHEBI:26837; CHEBI:15378; CHEBI:45696; CHEBI:17137;
    CHEBI:16189; CHEBI:10744; CHEBI:45548; CHEBI:29373; CHEBI:44701; CHEBI:26836

    KEGG IDs: KEGG:C00080; KEGG:C11481; KEGG:C00126; KEGG:C00059; KEGG:C00524; KEGG:C00001;
    KEGG:C00094'
- id: sabiork_6938_EC1_8_3_1_Homo_sapiens_P51687_Sulfite
  name: Reaction catalyzed by sulfite dehydrogenase on Sulfite
  equation: Sulfite + Cytochrome c + H2O = H+ + Sulfate + Reduced cytochrome c
  smiles_equation: null
  reversible: true
  reactants:
  - species_id: substrate_Sulfite
  - species_id: substrate_Cytochrome_c
  products:
  - species_id: product_Sulfate
  - species_id: product_Reduced_cytochrome_c
  modifiers:
  - species_id: protein_1_8_3_1_P51687_p2300
    role: BIOCATALYST
  selectivity: null
  Rheaid: null
  KEGGid: null
  notes: 'ChEBI IDs: CHEBI:29375; CHEBI:44819; CHEBI:41981; CHEBI:13367; CHEBI:16928;
    CHEBI:45687; CHEBI:48854; CHEBI:9344; CHEBI:42857; CHEBI:41979; CHEBI:29234; CHEBI:17359;
    CHEBI:13357; CHEBI:29199; CHEBI:42043; CHEBI:24636; CHEBI:15139; CHEBI:45693;
    CHEBI:9335; CHEBI:33811; CHEBI:33813; CHEBI:27313; CHEBI:5584; CHEBI:29233; CHEBI:15377;
    CHEBI:18070; CHEBI:13352; CHEBI:43228; CHEBI:5598; CHEBI:44292; CHEBI:15135; CHEBI:33806;
    CHEBI:10743; CHEBI:29374; CHEBI:5585; CHEBI:26837; CHEBI:15378; CHEBI:45696; CHEBI:17137;
    CHEBI:16189; CHEBI:10744; CHEBI:45548; CHEBI:29373; CHEBI:44701; CHEBI:26836

    KEGG IDs: KEGG:C00080; KEGG:C11481; KEGG:C00126; KEGG:C00059; KEGG:C00524; KEGG:C00001;
    KEGG:C00094'
- id: sabiork_6938_EC1_8_3_1_Homo_sapiens_P51687_Sulfate
  name: Reaction catalyzed by sulfite dehydrogenase on Sulfate
  equation: Sulfite + Cytochrome c + H2O = H+ + Sulfate + Reduced cytochrome c
  smiles_equation: null
  reversible: true
  reactants:
  - species_id: substrate_Sulfate
  - species_id: substrate_Reduced_cytochrome_c
  products:
  - species_id: product_Cytochrome_c
  - species_id: product_Sulfite
  modifiers:
  - species_id: protein_1_8_3_1_P51687_p6027
    role: BIOCATALYST
  selectivity: null
  Rheaid: null
  KEGGid: null
  notes: 'ChEBI IDs: CHEBI:29375; CHEBI:44819; CHEBI:41981; CHEBI:13367; CHEBI:16928;
    CHEBI:45687; CHEBI:48854; CHEBI:9344; CHEBI:42857; CHEBI:41979; CHEBI:29234; CHEBI:17359;
    CHEBI:13357; CHEBI:29199; CHEBI:42043; CHEBI:24636; CHEBI:15139; CHEBI:44701;
    CHEBI:45693; CHEBI:9335; CHEBI:29233; CHEBI:5584; CHEBI:33813; CHEBI:33811; CHEBI:27313;
    CHEBI:15377; CHEBI:18070; CHEBI:13352; CHEBI:43228; CHEBI:5598; CHEBI:44292; CHEBI:15135;
    CHEBI:33806; CHEBI:10743; CHEBI:29374; CHEBI:5585; CHEBI:15378; CHEBI:26837; CHEBI:45696;
    CHEBI:17137; CHEBI:16189; CHEBI:10744; CHEBI:29373; CHEBI:45548; CHEBI:26836

    KEGG IDs: KEGG:C00080; KEGG:C00126; KEGG:C11481; KEGG:C00059; KEGG:C00524; KEGG:C00001;
    KEGG:C00094'
- id: sabiork_6938_EC1_8_3_1_Homo_sapiens_P51687_Sulfite
  name: Reaction catalyzed by sulfite dehydrogenase on Sulfite
  equation: Sulfite + Cytochrome c + H2O = H+ + Sulfate + Reduced cytochrome c
  smiles_equation: null
  reversible: true
  reactants:
  - species_id: substrate_Sulfite
  - species_id: substrate_Cytochrome_c
  products:
  - species_id: product_Sulfate
  - species_id: product_Reduced_cytochrome_c
  modifiers:
  - species_id: protein_1_8_3_1_P51687_p2295
    role: BIOCATALYST
  selectivity: null
  Rheaid: null
  KEGGid: null
  notes: 'ChEBI IDs: CHEBI:29375; CHEBI:44819; CHEBI:41981; CHEBI:13367; CHEBI:16928;
    CHEBI:45687; CHEBI:9344; CHEBI:48854; CHEBI:42857; CHEBI:41979; CHEBI:29234; CHEBI:17359;
    CHEBI:13357; CHEBI:29199; CHEBI:42043; CHEBI:24636; CHEBI:15139; CHEBI:45693;
    CHEBI:9335; CHEBI:33811; CHEBI:33813; CHEBI:27313; CHEBI:5584; CHEBI:29233; CHEBI:15377;
    CHEBI:18070; CHEBI:13352; CHEBI:43228; CHEBI:5598; CHEBI:44292; CHEBI:15135; CHEBI:33806;
    CHEBI:10743; CHEBI:29374; CHEBI:5585; CHEBI:26837; CHEBI:15378; CHEBI:45696; CHEBI:17137;
    CHEBI:16189; CHEBI:10744; CHEBI:45548; CHEBI:29373; CHEBI:44701; CHEBI:26836

    KEGG IDs: KEGG:C00080; KEGG:C11481; KEGG:C00126; KEGG:C00059; KEGG:C00524; KEGG:C00001;
    KEGG:C00094'
- id: sabiork_6938_EC1_8_3_1_Homo_sapiens_P51687_Sulfite
  name: Reaction catalyzed by sulfite dehydrogenase on Sulfite
  equation: Sulfite + Cytochrome c + H2O = H+ + Sulfate + Reduced cytochrome c
  smiles_equation: null
  reversible: true
  reactants:
  - species_id: substrate_Sulfite
  - species_id: substrate_Cytochrome_c
  products:
  - species_id: product_Reduced_cytochrome_c
  - species_id: product_Sulfate
  modifiers:
  - species_id: protein_1_8_3_1_P51687_p2313
    role: BIOCATALYST
  selectivity: null
  Rheaid: null
  KEGGid: null
  notes: 'ChEBI IDs: CHEBI:29375; CHEBI:44819; CHEBI:41981; CHEBI:13367; CHEBI:16928;
    CHEBI:45687; CHEBI:9344; CHEBI:48854; CHEBI:42857; CHEBI:41979; CHEBI:29234; CHEBI:17359;
    CHEBI:13357; CHEBI:29199; CHEBI:42043; CHEBI:24636; CHEBI:15139; CHEBI:45693;
    CHEBI:29233; CHEBI:33811; CHEBI:33813; CHEBI:27313; CHEBI:5584; CHEBI:9335; CHEBI:15377;
    CHEBI:18070; CHEBI:13352; CHEBI:43228; CHEBI:5598; CHEBI:44292; CHEBI:15135; CHEBI:33806;
    CHEBI:10743; CHEBI:29374; CHEBI:5585; CHEBI:26837; CHEBI:15378; CHEBI:45696; CHEBI:17137;
    CHEBI:16189; CHEBI:10744; CHEBI:45548; CHEBI:29373; CHEBI:44701; CHEBI:26836

    KEGG IDs: KEGG:C00080; KEGG:C00126; KEGG:C11481; KEGG:C00524; KEGG:C00001; KEGG:C00059;
    KEGG:C00094'
- id: sabiork_6938_EC1_8_3_1_Homo_sapiens_P51687_Sulfite
  name: Reaction catalyzed by sulfite dehydrogenase on Sulfite
  equation: Sulfite + Cytochrome c + H2O = H+ + Sulfate + Reduced cytochrome c
  smiles_equation: null
  reversible: true
  reactants:
  - species_id: substrate_Sulfite
  - species_id: substrate_Cytochrome_c
  products:
  - species_id: product_Sulfate
  - species_id: product_Reduced_cytochrome_c
  modifiers:
  - species_id: protein_1_8_3_1_P51687_p2314
    role: BIOCATALYST
  selectivity: null
  Rheaid: null
  KEGGid: null
  notes: 'ChEBI IDs: CHEBI:29375; CHEBI:44819; CHEBI:41981; CHEBI:13367; CHEBI:16928;
    CHEBI:45687; CHEBI:9344; CHEBI:48854; CHEBI:42857; CHEBI:41979; CHEBI:29234; CHEBI:17359;
    CHEBI:13357; CHEBI:29199; CHEBI:42043; CHEBI:24636; CHEBI:15139; CHEBI:45693;
    CHEBI:9335; CHEBI:33811; CHEBI:33813; CHEBI:27313; CHEBI:5584; CHEBI:29233; CHEBI:15377;
    CHEBI:18070; CHEBI:13352; CHEBI:43228; CHEBI:5598; CHEBI:44292; CHEBI:15135; CHEBI:33806;
    CHEBI:10743; CHEBI:29374; CHEBI:5585; CHEBI:26837; CHEBI:15378; CHEBI:45696; CHEBI:17137;
    CHEBI:16189; CHEBI:10744; CHEBI:45548; CHEBI:29373; CHEBI:44701; CHEBI:26836

    KEGG IDs: KEGG:C00080; KEGG:C11481; KEGG:C00126; KEGG:C00059; KEGG:C00524; KEGG:C00001;
    KEGG:C00094'
- id: sabiork_6938_EC1_8_3_1_Homo_sapiens_P51687_Sulfite
  name: Reaction catalyzed by sulfite dehydrogenase on Sulfite
  equation: Sulfite + Cytochrome c + H2O = H+ + Sulfate + Reduced cytochrome c
  smiles_equation: null
  reversible: true
  reactants:
  - species_id: substrate_Sulfite
  - species_id: substrate_Cytochrome_c
  products:
  - species_id: product_Reduced_cytochrome_c
  - species_id: product_Sulfate
  modifiers:
  - species_id: protein_1_8_3_1_P51687_p2316
    role: BIOCATALYST
  selectivity: null
  Rheaid: null
  KEGGid: null
  notes: 'ChEBI IDs: CHEBI:29375; CHEBI:44819; CHEBI:41981; CHEBI:13367; CHEBI:16928;
    CHEBI:45687; CHEBI:9344; CHEBI:48854; CHEBI:42857; CHEBI:41979; CHEBI:29234; CHEBI:17359;
    CHEBI:13357; CHEBI:29199; CHEBI:42043; CHEBI:24636; CHEBI:15139; CHEBI:45693;
    CHEBI:9335; CHEBI:33811; CHEBI:33813; CHEBI:27313; CHEBI:5584; CHEBI:29233; CHEBI:15377;
    CHEBI:18070; CHEBI:13352; CHEBI:43228; CHEBI:5598; CHEBI:44292; CHEBI:15135; CHEBI:33806;
    CHEBI:10743; CHEBI:29374; CHEBI:5585; CHEBI:26837; CHEBI:15378; CHEBI:45696; CHEBI:17137;
    CHEBI:16189; CHEBI:10744; CHEBI:45548; CHEBI:29373; CHEBI:44701; CHEBI:26836

    KEGG IDs: KEGG:C00080; KEGG:C00126; KEGG:C11481; KEGG:C00524; KEGG:C00001; KEGG:C00059;
    KEGG:C00094'
measurements:
- id: measurement_1_8_3_1_Homo_sapiens_P51687_Cytochrome_c
  name: Experimental conditions (TN)
  species_data: null
  ph_opt: 7.5
  temperature_opt: 25.0
  temperature_unit: °C
- id: measurement_1_8_3_1_Homo_sapiens_P51687_Cytochrome_c
  name: Experimental conditions (TN)
  species_data: null
  ph_opt: 9.5
  temperature_opt: 25.0
  temperature_unit: °C
- id: measurement_1_8_3_1_Homo_sapiens_P51687_Cytochrome_c
  name: Experimental conditions (TN)
  species_data: null
  ph_opt: 8.75
  temperature_opt: 25.0
  temperature_unit: °C
- id: measurement_1_8_3_1_Homo_sapiens_P51687_Cytochrome_c
  name: Experimental conditions (TN)
  species_data: null
  ph_opt: 9.0
  temperature_opt: 25.0
  temperature_unit: °C
- id: measurement_1_8_3_1_Homo_sapiens_P51687_Cytochrome_c
  name: Experimental conditions (TN)
  species_data: null
  ph_opt: 8.0
  temperature_opt: 25.0
  temperature_unit: °C
- id: measurement_1_8_3_1_Homo_sapiens_P51687_Cytochrome_c
  name: Experimental conditions (TN)
  species_data: null
  ph_opt: 8.5
  temperature_opt: 25.0
  temperature_unit: °C
- id: measurement_1_8_3_1_Homo_sapiens_P51687_Cytochrome_c
  name: Experimental conditions (TN)
  species_data: null
  ph_opt: 8.25
  temperature_opt: 25.0
  temperature_unit: °C
- id: measurement_1_8_3_1_Homo_sapiens_P51687_Cytochrome_c
  name: Experimental conditions (TN)
  species_data: null
  ph_opt: 9.5
  temperature_opt: 25.0
  temperature_unit: °C
- id: measurement_1_8_3_1_Homo_sapiens_P51687_Cytochrome_c
  name: Experimental conditions (TN)
  species_data: null
  ph_opt: 6.0
  temperature_opt: 25.0
  temperature_unit: °C
- id: measurement_1_8_3_1_Homo_sapiens_P51687_Cytochrome_c
  name: Experimental conditions (TN)
  species_data: null
  ph_opt: 6.5
  temperature_opt: 25.0
  temperature_unit: °C
- id: measurement_1_8_3_1_Homo_sapiens_P51687_Cytochrome_c
  name: Experimental conditions (TN)
  species_data: null
  ph_opt: 7.0
  temperature_opt: 25.0
  temperature_unit: °C
- id: measurement_1_8_3_1_Homo_sapiens_P51687_Reduced_cytochrome_c
  name: Experimental conditions (TN)
  species_data: null
  ph_opt: 6.0
  temperature_opt: 25.0
  temperature_unit: °C
- id: measurement_1_8_3_1_Homo_sapiens_P51687_Reduced_cytochrome_c
  name: Experimental conditions (TN)
  species_data: null
  ph_opt: 7.0
  temperature_opt: 25.0
  temperature_unit: °C
- id: measurement_1_8_3_1_Homo_sapiens_P51687_Cytochrome_c
  name: Experimental conditions (TN)
  species_data: null
  ph_opt: 8.25
  temperature_opt: 25.0
  temperature_unit: °C
- id: measurement_1_8_3_1_Homo_sapiens_P51687_Sulfite
  name: Experimental conditions (TN)
  species_data: null
  ph_opt: 9.0
  temperature_opt: 25.0
  temperature_unit: °C
- id: measurement_1_8_3_1_Homo_sapiens_P51687_Sulfate
  name: Experimental conditions (TN)
  species_data: null
  ph_opt: 8.5
  temperature_opt: 25.0
  temperature_unit: °C
- id: measurement_1_8_3_1_Homo_sapiens_P51687_Sulfite
  name: Experimental conditions (TN)
  species_data: null
  ph_opt: 7.0
  temperature_opt: 25.0
  temperature_unit: °C
- id: measurement_1_8_3_1_Homo_sapiens_P51687_Sulfite
  name: Experimental conditions (TN)
  species_data: null
  ph_opt: 7.5
  temperature_opt: 25.0
  temperature_unit: °C
- id: measurement_1_8_3_1_Homo_sapiens_P51687_Sulfite
  name: Experimental conditions (TN)
  species_data: null
  ph_opt: 8.0
  temperature_opt: 25.0
  temperature_unit: °C
- id: measurement_1_8_3_1_Homo_sapiens_P51687_Sulfite
  name: Experimental conditions (TN)
  species_data: null
  ph_opt: 8.5
  temperature_opt: 25.0
  temperature_unit: °C
equations: null
parameters:
- id: 1_8_3_1_Homo_sapiens_P51687_Cytochrome_c_kcat_1
  name: kcat
  symbol: null
  value: null
  unit: 1/s
  initial_value: 4680000.0
  upper_bound: null
  lower_bound: null
  associated_species: substrate_Cytochrome_c
  original_name: null
  parameter.type: KINETIC_CONSTANT
  pH: 7.5
  temperature: 25.0
  temperature_unit: °C
  notes: null
  pubmed_id: '14729666'
- id: 1_8_3_1_Homo_sapiens_P51687_Cytochrome_c_kcat_2
  name: kcat
  symbol: null
  value: null
  unit: 1/s
  initial_value: 17.2
  upper_bound: null
  lower_bound: null
  associated_species: substrate_Cytochrome_c
  original_name: null
  parameter.type: KINETIC_CONSTANT
  pH: 7.5
  temperature: 25.0
  temperature_unit: °C
  notes: null
  pubmed_id: '14729666'
- id: 1_8_3_1_Homo_sapiens_P51687_Cytochrome_c_Km_1
  name: Km
  symbol: null
  value: null
  unit: M
  initial_value: 3.67e-06
  upper_bound: null
  lower_bound: null
  associated_species: substrate_Cytochrome_c
  original_name: null
  parameter.type: KINETIC_CONSTANT
  pH: 7.5
  temperature: 25.0
  temperature_unit: °C
  notes: null
  pubmed_id: '14729666'
- id: 1_8_3_1_Homo_sapiens_P51687_Cytochrome_c_Km_1
  name: Km
  symbol: null
  value: null
  unit: M
  initial_value: 6.71e-05
  upper_bound: null
  lower_bound: null
  associated_species: substrate_Cytochrome_c
  original_name: null
  parameter.type: KINETIC_CONSTANT
  pH: 9.5
  temperature: 25.0
  temperature_unit: °C
  notes: null
  pubmed_id: '14729666'
- id: 1_8_3_1_Homo_sapiens_P51687_Cytochrome_c_kcat_1
  name: kcat
  symbol: null
  value: null
  unit: 1/s
  initial_value: 395000.0
  upper_bound: null
  lower_bound: null
  associated_species: substrate_Cytochrome_c
  original_name: null
  parameter.type: KINETIC_CONSTANT
  pH: 9.5
  temperature: 25.0
  temperature_unit: °C
  notes: null
  pubmed_id: '14729666'
- id: 1_8_3_1_Homo_sapiens_P51687_Cytochrome_c_kcat_2
  name: kcat
  symbol: null
  value: null
  unit: 1/s
  initial_value: 26.3
  upper_bound: null
  lower_bound: null
  associated_species: substrate_Cytochrome_c
  original_name: null
  parameter.type: KINETIC_CONSTANT
  pH: 9.5
  temperature: 25.0
  temperature_unit: °C
  notes: null
  pubmed_id: '14729666'
- id: 1_8_3_1_Homo_sapiens_P51687_Cytochrome_c_Km_1
  name: Km
  symbol: null
  value: null
  unit: M
  initial_value: 9.59e-06
  upper_bound: null
  lower_bound: null
  associated_species: substrate_Cytochrome_c
  original_name: null
  parameter.type: KINETIC_CONSTANT
  pH: 8.75
  temperature: 25.0
  temperature_unit: °C
  notes: null
  pubmed_id: '14729666'
- id: 1_8_3_1_Homo_sapiens_P51687_Cytochrome_c_kcat_1
  name: kcat
  symbol: null
  value: null
  unit: 1/s
  initial_value: 23.6
  upper_bound: null
  lower_bound: null
  associated_species: substrate_Cytochrome_c
  original_name: null
  parameter.type: KINETIC_CONSTANT
  pH: 8.75
  temperature: 25.0
  temperature_unit: °C
  notes: null
  pubmed_id: '14729666'
- id: 1_8_3_1_Homo_sapiens_P51687_Cytochrome_c_kcat_2
  name: kcat
  symbol: null
  value: null
  unit: 1/s
  initial_value: 2460000.0
  upper_bound: null
  lower_bound: null
  associated_species: substrate_Cytochrome_c
  original_name: null
  parameter.type: KINETIC_CONSTANT
  pH: 8.75
  temperature: 25.0
  temperature_unit: °C
  notes: null
  pubmed_id: '14729666'
- id: 1_8_3_1_Homo_sapiens_P51687_Cytochrome_c_Km_1
  name: Km
  symbol: null
  value: null
  unit: M
  initial_value: 2.21e-05
  upper_bound: null
  lower_bound: null
  associated_species: substrate_Cytochrome_c
  original_name: null
  parameter.type: KINETIC_CONSTANT
  pH: 9.0
  temperature: 25.0
  temperature_unit: °C
  notes: null
  pubmed_id: '14729666'
- id: 1_8_3_1_Homo_sapiens_P51687_Cytochrome_c_kcat_1
  name: kcat
  symbol: null
  value: null
  unit: 1/s
  initial_value: 1170000.0
  upper_bound: null
  lower_bound: null
  associated_species: substrate_Cytochrome_c
  original_name: null
  parameter.type: KINETIC_CONSTANT
  pH: 9.0
  temperature: 25.0
  temperature_unit: °C
  notes: null
  pubmed_id: '14729666'
- id: 1_8_3_1_Homo_sapiens_P51687_Cytochrome_c_kcat_2
  name: kcat
  symbol: null
  value: null
  unit: 1/s
  initial_value: 25.7
  upper_bound: null
  lower_bound: null
  associated_species: substrate_Cytochrome_c
  original_name: null
  parameter.type: KINETIC_CONSTANT
  pH: 9.0
  temperature: 25.0
  temperature_unit: °C
  notes: null
  pubmed_id: '14729666'
- id: 1_8_3_1_Homo_sapiens_P51687_Cytochrome_c_Km_1
  name: Km
  symbol: null
  value: null
  unit: M
  initial_value: 6.12e-06
  upper_bound: null
  lower_bound: null
  associated_species: substrate_Cytochrome_c
  original_name: null
  parameter.type: KINETIC_CONSTANT
  pH: 8.0
  temperature: 25.0
  temperature_unit: °C
  notes: null
  pubmed_id: '14729666'
- id: 1_8_3_1_Homo_sapiens_P51687_Cytochrome_c_kcat_1
  name: kcat
  symbol: null
  value: null
  unit: 1/s
  initial_value: 4100000.0
  upper_bound: null
  lower_bound: null
  associated_species: substrate_Cytochrome_c
  original_name: null
  parameter.type: KINETIC_CONSTANT
  pH: 8.0
  temperature: 25.0
  temperature_unit: °C
  notes: null
  pubmed_id: '14729666'
- id: 1_8_3_1_Homo_sapiens_P51687_Cytochrome_c_kcat_2
  name: kcat
  symbol: null
  value: null
  unit: 1/s
  initial_value: 25.0
  upper_bound: null
  lower_bound: null
  associated_species: substrate_Cytochrome_c
  original_name: null
  parameter.type: KINETIC_CONSTANT
  pH: 8.0
  temperature: 25.0
  temperature_unit: °C
  notes: null
  pubmed_id: '14729666'
- id: 1_8_3_1_Homo_sapiens_P51687_Cytochrome_c_Km_1
  name: Km
  symbol: null
  value: null
  unit: M
  initial_value: 1.11e-05
  upper_bound: null
  lower_bound: null
  associated_species: substrate_Cytochrome_c
  original_name: null
  parameter.type: KINETIC_CONSTANT
  pH: 8.5
  temperature: 25.0
  temperature_unit: °C
  notes: null
  pubmed_id: '14729666'
- id: 1_8_3_1_Homo_sapiens_P51687_Cytochrome_c_kcat_1
  name: kcat
  symbol: null
  value: null
  unit: 1/s
  initial_value: 2420000.0
  upper_bound: null
  lower_bound: null
  associated_species: substrate_Cytochrome_c
  original_name: null
  parameter.type: KINETIC_CONSTANT
  pH: 8.5
  temperature: 25.0
  temperature_unit: °C
  notes: null
  pubmed_id: '14729666'
- id: 1_8_3_1_Homo_sapiens_P51687_Cytochrome_c_kcat_2
  name: kcat
  symbol: null
  value: null
  unit: 1/s
  initial_value: 26.9
  upper_bound: null
  lower_bound: null
  associated_species: substrate_Cytochrome_c
  original_name: null
  parameter.type: KINETIC_CONSTANT
  pH: 8.5
  temperature: 25.0
  temperature_unit: °C
  notes: null
  pubmed_id: '14729666'
- id: 1_8_3_1_Homo_sapiens_P51687_Cytochrome_c_Km_1
  name: Km
  symbol: null
  value: null
  unit: M
  initial_value: 7.28e-06
  upper_bound: null
  lower_bound: null
  associated_species: substrate_Cytochrome_c
  original_name: null
  parameter.type: KINETIC_CONSTANT
  pH: 8.25
  temperature: 25.0
  temperature_unit: °C
  notes: null
  pubmed_id: '14729666'
- id: 1_8_3_1_Homo_sapiens_P51687_Cytochrome_c_kcat_1
  name: kcat
  symbol: null
  value: null
  unit: 1/s
  initial_value: 3710000.0
  upper_bound: null
  lower_bound: null
  associated_species: substrate_Cytochrome_c
  original_name: null
  parameter.type: KINETIC_CONSTANT
  pH: 8.25
  temperature: 25.0
  temperature_unit: °C
  notes: null
  pubmed_id: '14729666'
- id: 1_8_3_1_Homo_sapiens_P51687_Cytochrome_c_kcat_2
  name: kcat
  symbol: null
  value: null
  unit: 1/s
  initial_value: 27.0
  upper_bound: null
  lower_bound: null
  associated_species: substrate_Cytochrome_c
  original_name: null
  parameter.type: KINETIC_CONSTANT
