version: '2.0'
created: '2025-11-20T13:39:21.884527'
modified: null
creators:
- given_name: SABIO-RK
  family_name: Database
  mail: sabiork@h-its.org
vessels: null
proteins:
- id: protein_1_1_1_37_Q90YZ9_p6492
  name: malate dehydrogenase
  ecnumber: 1.1.1.37
  organism: Sphyraena idiastes
  organism_tax_id: null
  synonymous_names: null
  variant_type: wildtype
  variant_description: wildtype
  uniprotid: Q90YZ9
  wildtype_sequence: MAEPIRVLVTGAAGQIAYSLLYSIAKGDVFGKDQPIILVLLDIPPMLPVLDGVVMELQDCALPLLREVIPTDKVEVGFKDLDAAILVGSMPRKEGMERKDLLKANVAIFKTQGAALDKYAKKTVKVLVVGNPANTNCLIASKSAPSIPKENFSCLTRLDHNRACSQVAIRCGVSSDSVKNVIIWGNHSSTQYPDVHHGKVTVGGAELGVYEAVKDDAWLRGDFISTVQLRGAAVIKARKLSSAMSAAKAICDHMRDIWFGTKEGEFISMGVFAAGNSYGIPEDLIYSFPVQIKNKTWKMVGGLPINDFSRAKMDATAAELVEERDTAMDFLSQ
  mutant_sequence: null
complexes: null
small_molecules:
- id: substrate_NADH
  name: NADH
  canonical_smiles: null
  inchi: null
  inchikey: null
  synonymous_names: null
  KEGGid: null
  CHEbIid: null
  notes: null
- id: substrate_Oxaloacetate
  name: Oxaloacetate
  canonical_smiles: null
  inchi: null
  inchikey: null
  synonymous_names: null
  KEGGid: null
  CHEbIid: null
  notes: null
- id: product_NAD_
  name: NAD+
  canonical_smiles: null
  inchi: null
  inchikey: null
  synonymous_names: null
  KEGGid: null
  CHEbIid: null
  notes: null
- id: product_L-Malate
  name: L-Malate
  canonical_smiles: null
  inchi: null
  inchikey: null
  synonymous_names: null
  KEGGid: null
  CHEbIid: null
  notes: null
- id: activator
  name: null
  canonical_smiles: null
  inchi: null
  inchikey: null
  synonymous_names: null
  KEGGid: null
  CHEbIid: null
  notes: null
- id: inhibitor
  name: null
  canonical_smiles: null
  inchi: null
  inchikey: null
  synonymous_names: null
  KEGGid: null
  CHEbIid: null
  notes: null
- id: cofactor
  name: null
  canonical_smiles: null
  inchi: null
  inchikey: null
  synonymous_names: null
  KEGGid: null
  CHEbIid: null
  notes: null
- id: metal
  name: null
  canonical_smiles: null
  inchi: null
  inchikey: null
  synonymous_names: null
  KEGGid: null
  CHEbIid: null
  notes: null
reactions:
- id: sabiork_113_EC1_1_1_37_Sphyraena_idiastes_Q90YZ9_NADH
  name: Reaction catalyzed by malate dehydrogenase on NADH
  equation: L-Malate + NAD+ = NADH + H+ + Oxaloacetate
  smiles_equation: null
  reversible: true
  reactants:
  - species_id: substrate_NADH
  - species_id: substrate_Oxaloacetate
  products:
  - species_id: product_NAD_
  - species_id: product_L-Malate
  modifiers:
  - species_id: protein_1_1_1_37_Q90YZ9_p6492
    role: BIOCATALYST
  selectivity: null
  Rheaid: 21432;21433;21434;21435
  KEGGid: R00342
  notes: 'ChEBI IDs: CHEBI:24959; CHEBI:15589; CHEBI:16452; CHEBI:44281; CHEBI:13393;
    CHEBI:29234; CHEBI:15846; CHEBI:13357; CHEBI:21902; CHEBI:13396; CHEBI:12820;
    CHEBI:30797; CHEBI:21901; CHEBI:24636; CHEBI:423; CHEBI:44214; CHEBI:29233; CHEBI:14703;
    CHEBI:5584; CHEBI:13394; CHEBI:11066; CHEBI:57945; CHEBI:25734; CHEBI:44216; CHEBI:18784;
    CHEBI:25731; CHEBI:13140; CHEBI:57540; CHEBI:7423; CHEBI:30744; CHEBI:18785; CHEBI:13389;
    CHEBI:13395; CHEBI:15378; CHEBI:7812; CHEBI:24958; CHEBI:10744; CHEBI:44215; CHEBI:7422;
    CHEBI:16908

    KEGG IDs: KEGG:C00080; KEGG:C00149; KEGG:C00036; KEGG:C00003; KEGG:C00004'
- id: sabiork_113_EC1_1_1_37_Sphyraena_idiastes_Q90YZ9_Oxaloacetate
  name: Reaction catalyzed by malate dehydrogenase on Oxaloacetate
  equation: L-Malate + NAD+ = NADH + H+ + Oxaloacetate
  smiles_equation: null
  reversible: true
  reactants:
  - species_id: substrate_Oxaloacetate
  - species_id: substrate_NADH
  products:
  - species_id: product_L-Malate
  - species_id: product_NAD_
  modifiers:
  - species_id: protein_1_1_1_37_Q90YZ9_p6497
    role: BIOCATALYST
  selectivity: null
  Rheaid: 21432;21433;21434;21435
  KEGGid: R00342
  notes: 'ChEBI IDs: CHEBI:24959; CHEBI:15589; CHEBI:16452; CHEBI:44281; CHEBI:13393;
    CHEBI:29234; CHEBI:15846; CHEBI:13357; CHEBI:21902; CHEBI:12820; CHEBI:13396;
    CHEBI:30797; CHEBI:21901; CHEBI:24636; CHEBI:423; CHEBI:44214; CHEBI:29233; CHEBI:14703;
    CHEBI:5584; CHEBI:11066; CHEBI:13394; CHEBI:25734; CHEBI:57945; CHEBI:44216; CHEBI:18784;
    CHEBI:25731; CHEBI:13140; CHEBI:57540; CHEBI:7423; CHEBI:30744; CHEBI:18785; CHEBI:13389;
    CHEBI:15378; CHEBI:13395; CHEBI:7812; CHEBI:24958; CHEBI:10744; CHEBI:44215; CHEBI:7422;
    CHEBI:16908

    KEGG IDs: KEGG:C00003; KEGG:C00080; KEGG:C00036; KEGG:C00149; KEGG:C00004'
- id: sabiork_113_EC1_1_1_37_Sphyraena_idiastes_Q90YZ9_Oxaloacetate
  name: Reaction catalyzed by malate dehydrogenase on Oxaloacetate
  equation: L-Malate + NAD+ = NADH + H+ + Oxaloacetate
  smiles_equation: null
  reversible: true
  reactants:
  - species_id: substrate_Oxaloacetate
  - species_id: substrate_NADH
  products:
  - species_id: product_NAD_
  - species_id: product_L-Malate
  modifiers:
  - species_id: protein_1_1_1_37_Q90YZ9_p6496
    role: BIOCATALYST
  selectivity: null
  Rheaid: 21432;21433;21434;21435
  KEGGid: R00342
  notes: 'ChEBI IDs: CHEBI:24959; CHEBI:15589; CHEBI:16452; CHEBI:44281; CHEBI:13393;
    CHEBI:29234; CHEBI:15846; CHEBI:13357; CHEBI:21902; CHEBI:12820; CHEBI:13396;
    CHEBI:30797; CHEBI:21901; CHEBI:24636; CHEBI:423; CHEBI:44214; CHEBI:29233; CHEBI:14703;
    CHEBI:5584; CHEBI:13394; CHEBI:11066; CHEBI:25734; CHEBI:57945; CHEBI:44216; CHEBI:18784;
    CHEBI:25731; CHEBI:13140; CHEBI:57540; CHEBI:7423; CHEBI:30744; CHEBI:18785; CHEBI:13389;
    CHEBI:13395; CHEBI:15378; CHEBI:7812; CHEBI:24958; CHEBI:10744; CHEBI:44215; CHEBI:7422;
    CHEBI:16908

    KEGG IDs: KEGG:C00080; KEGG:C00149; KEGG:C00036; KEGG:C00003; KEGG:C00004'
- id: sabiork_113_EC1_1_1_37_Sphyraena_idiastes_Q90YZ9_Oxaloacetate
  name: Reaction catalyzed by malate dehydrogenase on Oxaloacetate
  equation: L-Malate + NAD+ = NADH + H+ + Oxaloacetate
  smiles_equation: null
  reversible: true
  reactants:
  - species_id: substrate_Oxaloacetate
  - species_id: substrate_NADH
  products:
  - species_id: product_NAD_
  - species_id: product_L-Malate
  modifiers:
  - species_id: protein_1_1_1_37_Q90YZ9_p6493
    role: BIOCATALYST
  selectivity: null
  Rheaid: 21432;21433;21434;21435
  KEGGid: R00342
  notes: 'ChEBI IDs: CHEBI:24959; CHEBI:15589; CHEBI:16452; CHEBI:44281; CHEBI:13393;
    CHEBI:29234; CHEBI:15846; CHEBI:13357; CHEBI:21902; CHEBI:12820; CHEBI:13396;
    CHEBI:30797; CHEBI:21901; CHEBI:24636; CHEBI:423; CHEBI:44214; CHEBI:29233; CHEBI:14703;
    CHEBI:5584; CHEBI:13394; CHEBI:11066; CHEBI:25734; CHEBI:57945; CHEBI:44216; CHEBI:18784;
    CHEBI:25731; CHEBI:13140; CHEBI:57540; CHEBI:7423; CHEBI:30744; CHEBI:18785; CHEBI:13389;
    CHEBI:15378; CHEBI:13395; CHEBI:7812; CHEBI:24958; CHEBI:10744; CHEBI:44215; CHEBI:7422;
    CHEBI:16908

    KEGG IDs: KEGG:C00080; KEGG:C00149; KEGG:C00036; KEGG:C00003; KEGG:C00004'
measurements:
- id: measurement_1_1_1_37_Sphyraena_idiastes_Q90YZ9_NADH
  name: Experimental conditions (TN)
  species_data: null
  ph_opt: 7.5
  temperature_opt: 20.0
  temperature_unit: °C
- id: measurement_1_1_1_37_Sphyraena_idiastes_Q90YZ9_Oxaloacetate
  name: Experimental conditions (TN)
  species_data: null
  ph_opt: 7.5
  temperature_opt: 20.0
  temperature_unit: °C
- id: measurement_1_1_1_37_Sphyraena_idiastes_Q90YZ9_Oxaloacetate
  name: Experimental conditions (TN)
  species_data: null
  ph_opt: 7.5
  temperature_opt: 20.0
  temperature_unit: °C
- id: measurement_1_1_1_37_Sphyraena_idiastes_Q90YZ9_Oxaloacetate
  name: Experimental conditions (TN)
  species_data: null
  ph_opt: 7.5
  temperature_opt: 20.0
  temperature_unit: °C
equations: null
parameters:
- id: 1_1_1_37_Sphyraena_idiastes_Q90YZ9_NADH_Km_1
  name: Km
  symbol: null
  value: null
  unit: M
  initial_value: 3.02e-05
  upper_bound: null
  lower_bound: null
  associated_species: substrate_NADH
  original_name: null
  parameter.type: KINETIC_CONSTANT
  pH: 7.5
  temperature: 20.0
  temperature_unit: °C
  notes: null
  pubmed_id: '11734904'
- id: 1_1_1_37_Sphyraena_idiastes_Q90YZ9_Oxaloacetate_Km_1
  name: Km
  symbol: null
  value: null
  unit: M
  initial_value: 2.07e-05
  upper_bound: null
  lower_bound: null
  associated_species: substrate_Oxaloacetate
  original_name: null
  parameter.type: KINETIC_CONSTANT
  pH: 7.5
  temperature: 20.0
  temperature_unit: °C
  notes: null
  pubmed_id: '11734904'
- id: 1_1_1_37_Sphyraena_idiastes_Q90YZ9_Oxaloacetate_Km_1
  name: Km
  symbol: null
  value: null
  unit: M
  initial_value: 3.9e-05
  upper_bound: null
  lower_bound: null
  associated_species: substrate_Oxaloacetate
  original_name: null
  parameter.type: KINETIC_CONSTANT
  pH: 7.5
  temperature: 20.0
  temperature_unit: °C
  notes: null
  pubmed_id: '11734904'
- id: 1_1_1_37_Sphyraena_idiastes_Q90YZ9_Oxaloacetate_Km_1
  name: Km
  symbol: null
  value: null
  unit: M
  initial_value: 2.14e-05
  upper_bound: null
  lower_bound: null
  associated_species: substrate_Oxaloacetate
  original_name: null
  parameter.type: KINETIC_CONSTANT
  pH: 7.5
  temperature: 20.0
  temperature_unit: °C
  notes: null
  pubmed_id: '11734904'
buffer:
  buffer: 80 mM Imidazole, 100 mM KCl
  buffer_concentration: null
references:
- title: Reference for SABIO-RK entry 6492
  authors: null
  year: null
  journal: SABIO-RK Database
  uri: https://pubmed.ncbi.nlm.nih.gov/11734904/
  pubmed_id: '11734904'
  doi: null
name: Merged entry for Q90YZ9 wildtype
description: 'Merged from 4 files: SABIO_EC1.1.1.37_Sphyraena_idiastes__Q90YZ9_s_NADH.yaml,
  SABIO_EC1.1.1.37_Sphyraena_idiastes__Q90YZ9_s_Oxaloacetate_3.yaml, SABIO_EC1.1.1.37_Sphyraena_idiastes__Q90YZ9_s_Oxaloacetate_2.yaml,
  SABIO_EC1.1.1.37_Sphyraena_idiastes__Q90YZ9_s_Oxaloacetate.yaml'
