version: '2.0'
created: '2025-11-20T13:39:21.912529'
modified: null
creators:
- given_name: SABIO-RK
  family_name: Database
  mail: sabiork@h-its.org
- given_name: SKiD
  family_name: Database
  mail: skid@database.org
vessels: null
proteins:
- id: protein_1_1_1_37_P10584_p7567
  name: malate dehydrogenase
  ecnumber: 1.1.1.37
  organism: Thermus thermophilus
  organism_tax_id: null
  synonymous_names: null
  variant_type: wildtype
  variant_description: wildtype
  uniprotid: P10584
  wildtype_sequence: MKAPVRVAVTGAAGQIGYSLLFRIAAGEMLGKDQPVILQLLEIPQAMKALEGVVMELEDCAFPLLAGLEATDDPKVAFKDADYALLVGAAPRKAGMERRDLLQVNGKIFTEQGRALAEVAKKDVKVLVVGNPANTNALIAYKNAPGLNPRNFTAMTRLDHNRAKAQLAKKTGTGVDRIRRMTVWGNHSSTMFPDLFHAEVDGRPALELVDMEWYEKVFIPTVAQRGAAIIQARGASSAASAANAAIEHIRDWALGTPEGDWVSMAVPSQGEYGIPEGIVYSFPVTAKDGAYRVVEGLEINEFARKRMEITAQELLDEMEQVKALGLI
  mutant_sequence: null
complexes: null
small_molecules:
- id: substrate_L-Malate
  name: L-Malate
  canonical_smiles: null
  inchi: null
  inchikey: null
  synonymous_names: null
  KEGGid: null
  CHEbIid: null
  notes: null
- id: substrate_NAD_
  name: NAD+
  canonical_smiles: null
  inchi: null
  inchikey: null
  synonymous_names: null
  KEGGid: null
  CHEbIid: null
  notes: null
- id: product_NADH
  name: NADH
  canonical_smiles: null
  inchi: null
  inchikey: null
  synonymous_names: null
  KEGGid: null
  CHEbIid: null
  notes: null
- id: product_Oxaloacetate
  name: Oxaloacetate
  canonical_smiles: null
  inchi: null
  inchikey: null
  synonymous_names: null
  KEGGid: null
  CHEbIid: null
  notes: null
- id: activator
  name: null
  canonical_smiles: null
  inchi: null
  inchikey: null
  synonymous_names: null
  KEGGid: null
  CHEbIid: null
  notes: null
- id: inhibitor
  name: null
  canonical_smiles: null
  inchi: null
  inchikey: null
  synonymous_names: null
  KEGGid: null
  CHEbIid: null
  notes: null
- id: cofactor
  name: null
  canonical_smiles: null
  inchi: null
  inchikey: null
  synonymous_names: null
  KEGGid: null
  CHEbIid: null
  notes: null
- id: metal
  name: null
  canonical_smiles: null
  inchi: null
  inchikey: null
  synonymous_names: null
  KEGGid: null
  CHEbIid: null
  notes: null
- id: substrate_NADH
  name: NADH
  canonical_smiles: null
  inchi: null
  inchikey: null
  synonymous_names: null
  KEGGid: null
  CHEbIid: null
  notes: null
- id: substrate_Oxaloacetate
  name: Oxaloacetate
  canonical_smiles: null
  inchi: null
  inchikey: null
  synonymous_names: null
  KEGGid: null
  CHEbIid: null
  notes: null
- id: product_L-Malate
  name: L-Malate
  canonical_smiles: null
  inchi: null
  inchikey: null
  synonymous_names: null
  KEGGid: null
  CHEbIid: null
  notes: null
- id: product_NAD_
  name: NAD+
  canonical_smiles: null
  inchi: null
  inchikey: null
  synonymous_names: null
  KEGGid: null
  CHEbIid: null
  notes: null
- id: substrate_NADPH
  name: NADPH
  canonical_smiles: null
  inchi: null
  inchikey: null
  synonymous_names: null
  KEGGid: null
  CHEbIid: null
  notes: null
- id: product_NADP_
  name: NADP+
  canonical_smiles: null
  inchi: null
  inchikey: null
  synonymous_names: null
  KEGGid: null
  CHEbIid: null
  notes: null
- id: substrate_NHDPH
  name: NHDPH
  canonical_smiles: null
  inchi: null
  inchikey: null
  synonymous_names: null
  KEGGid: null
  CHEbIid: null
  notes: null
- id: product_NHDP_
  name: NHDP+
  canonical_smiles: null
  inchi: null
  inchikey: null
  synonymous_names: null
  KEGGid: null
  CHEbIid: null
  notes: null
- id: substrate_Deamino-NADH
  name: Deamino-NADH
  canonical_smiles: null
  inchi: null
  inchikey: null
  synonymous_names: null
  KEGGid: null
  CHEbIid: null
  notes: null
- id: product_Nicotinamide_hypoxanthine_dinucleotide
  name: Nicotinamide hypoxanthine dinucleotide
  canonical_smiles: null
  inchi: null
  inchikey: null
  synonymous_names: null
  KEGGid: null
  CHEbIid: null
  notes: null
- id: product
  name: null
  canonical_smiles: null
  inchi: null
  inchikey: null
  synonymous_names: null
  KEGGid: null
  CHEbIid: null
  notes: null
- id: substrate_oxaloacetate
  name: oxaloacetate
  canonical_smiles: C(=O)(C(=O)O)CC(=O)[O-]
  inchi: InChI=1S/C4H4O5/c5-2(4(8)9)1-3(6)7/h1H2,(H,6,7)(H,8,9)/p-1
  inchikey: KHPXUQMNIQBQEV-UHFFFAOYSA-M
  synonymous_names: null
  KEGGid: null
  CHEbIid: null
  notes: https://pubchem.ncbi.nlm.nih.gov/compound/970
reactions:
- id: sabiork_113_EC1_1_1_37_Thermus_thermophilus_P10584_L-Malate
  name: Reaction catalyzed by malate dehydrogenase on L-Malate
  equation: L-Malate + NAD+ = NADH + H+ + Oxaloacetate
  smiles_equation: null
  reversible: true
  reactants:
  - species_id: substrate_L-Malate
  - species_id: substrate_NAD_
  products:
  - species_id: product_NADH
  - species_id: product_Oxaloacetate
  modifiers:
  - species_id: protein_1_1_1_37_P10584_p7567
    role: BIOCATALYST
  selectivity: null
  Rheaid: 21432;21433;21434;21435
  KEGGid: R00342
  notes: 'ChEBI IDs: CHEBI:24959; CHEBI:15589; CHEBI:44281; CHEBI:16452; CHEBI:13393;
    CHEBI:29234; CHEBI:15846; CHEBI:13357; CHEBI:21902; CHEBI:13396; CHEBI:30797;
    CHEBI:12820; CHEBI:21901; CHEBI:423; CHEBI:24636; CHEBI:44214; CHEBI:29233; CHEBI:14703;
    CHEBI:13394; CHEBI:11066; CHEBI:5584; CHEBI:57945; CHEBI:25734; CHEBI:44216; CHEBI:18784;
    CHEBI:25731; CHEBI:13140; CHEBI:57540; CHEBI:7423; CHEBI:18785; CHEBI:30744; CHEBI:13389;
    CHEBI:13395; CHEBI:15378; CHEBI:7812; CHEBI:24958; CHEBI:44215; CHEBI:10744; CHEBI:7422;
    CHEBI:16908

    KEGG IDs: KEGG:C00003; KEGG:C00080; KEGG:C00036; KEGG:C00149; KEGG:C00004'
- id: sabiork_113_EC1_1_1_37_Thermus_thermophilus_P10584_NADH
  name: Reaction catalyzed by malate dehydrogenase on NADH
  equation: L-Malate + NAD+ = NADH + H+ + Oxaloacetate
  smiles_equation: null
  reversible: true
  reactants:
  - species_id: substrate_NADH
  - species_id: substrate_Oxaloacetate
  products:
  - species_id: product_L-Malate
  - species_id: product_NAD_
  modifiers:
  - species_id: protein_1_1_1_37_P10584_p7564
    role: BIOCATALYST
  selectivity: null
  Rheaid: 21432;21433;21434;21435
  KEGGid: R00342
  notes: 'ChEBI IDs: CHEBI:24959; CHEBI:15589; CHEBI:16452; CHEBI:44281; CHEBI:13393;
    CHEBI:29234; CHEBI:15846; CHEBI:13357; CHEBI:21902; CHEBI:13396; CHEBI:12820;
    CHEBI:30797; CHEBI:21901; CHEBI:24636; CHEBI:423; CHEBI:44214; CHEBI:29233; CHEBI:14703;
    CHEBI:5584; CHEBI:11066; CHEBI:13394; CHEBI:57945; CHEBI:25734; CHEBI:44216; CHEBI:18784;
    CHEBI:25731; CHEBI:13140; CHEBI:57540; CHEBI:7423; CHEBI:30744; CHEBI:18785; CHEBI:13389;
    CHEBI:13395; CHEBI:15378; CHEBI:7812; CHEBI:24958; CHEBI:10744; CHEBI:44215; CHEBI:7422;
    CHEBI:16908

    KEGG IDs: KEGG:C00003; KEGG:C00080; KEGG:C00036; KEGG:C00149; KEGG:C00004'
- id: sabiork_113_EC1_1_1_37_Thermus_thermophilus_P10584_NADH
  name: Reaction catalyzed by malate dehydrogenase on NADH
  equation: L-Malate + NAD+ = NADH + H+ + Oxaloacetate
  smiles_equation: null
  reversible: true
  reactants:
  - species_id: substrate_NADH
  - species_id: substrate_Oxaloacetate
  products:
  - species_id: product_NAD_
  - species_id: product_L-Malate
  modifiers:
  - species_id: protein_1_1_1_37_P10584_p21487
    role: BIOCATALYST
  selectivity: null
  Rheaid: 21432;21433;21434;21435
  KEGGid: R00342
  notes: 'ChEBI IDs: CHEBI:24959; CHEBI:15589; CHEBI:16452; CHEBI:44281; CHEBI:13393;
    CHEBI:29234; CHEBI:15846; CHEBI:13357; CHEBI:21902; CHEBI:13396; CHEBI:12820;
    CHEBI:30797; CHEBI:21901; CHEBI:24636; CHEBI:423; CHEBI:44214; CHEBI:29233; CHEBI:14703;
    CHEBI:5584; CHEBI:13394; CHEBI:11066; CHEBI:57945; CHEBI:25734; CHEBI:44216; CHEBI:18784;
    CHEBI:25731; CHEBI:13140; CHEBI:57540; CHEBI:7423; CHEBI:30744; CHEBI:18785; CHEBI:13389;
    CHEBI:15378; CHEBI:13395; CHEBI:7812; CHEBI:24958; CHEBI:10744; CHEBI:44215; CHEBI:7422;
    CHEBI:16908

    KEGG IDs: KEGG:C00080; KEGG:C00149; KEGG:C00036; KEGG:C00003; KEGG:C00004'
- id: sabiork_113_EC1_1_1_37_Thermus_thermophilus_P10584_NADH
  name: Reaction catalyzed by malate dehydrogenase on NADH
  equation: L-Malate + NAD+ = NADH + H+ + Oxaloacetate
  smiles_equation: null
  reversible: true
  reactants:
  - species_id: substrate_NADH
  - species_id: substrate_Oxaloacetate
  products:
  - species_id: product_NAD_
  - species_id: product_L-Malate
  modifiers:
  - species_id: protein_1_1_1_37_P10584_p21495
    role: BIOCATALYST
  selectivity: null
  Rheaid: 21432;21433;21434;21435
  KEGGid: R00342
  notes: 'ChEBI IDs: CHEBI:24959; CHEBI:15589; CHEBI:16452; CHEBI:44281; CHEBI:13393;
    CHEBI:29234; CHEBI:15846; CHEBI:13357; CHEBI:21902; CHEBI:13396; CHEBI:12820;
    CHEBI:30797; CHEBI:21901; CHEBI:24636; CHEBI:423; CHEBI:44214; CHEBI:29233; CHEBI:14703;
    CHEBI:5584; CHEBI:13394; CHEBI:11066; CHEBI:57945; CHEBI:25734; CHEBI:44216; CHEBI:18784;
    CHEBI:25731; CHEBI:13140; CHEBI:57540; CHEBI:7423; CHEBI:30744; CHEBI:18785; CHEBI:13389;
    CHEBI:13395; CHEBI:15378; CHEBI:7812; CHEBI:24958; CHEBI:10744; CHEBI:44215; CHEBI:7422;
    CHEBI:16908

    KEGG IDs: KEGG:C00080; KEGG:C00149; KEGG:C00036; KEGG:C00003; KEGG:C00004'
- id: sabiork_113_EC1_1_1_37_Thermus_thermophilus_P10584_NADH
  name: Reaction catalyzed by malate dehydrogenase on NADH
  equation: L-Malate + NAD+ = NADH + H+ + Oxaloacetate
  smiles_equation: null
  reversible: true
  reactants:
  - species_id: substrate_NADH
  - species_id: substrate_Oxaloacetate
  products:
  - species_id: product_L-Malate
  - species_id: product_NAD_
  modifiers:
  - species_id: protein_1_1_1_37_P10584_p21503
    role: BIOCATALYST
  selectivity: null
  Rheaid: 21432;21433;21434;21435
  KEGGid: R00342
  notes: 'ChEBI IDs: CHEBI:24959; CHEBI:15589; CHEBI:16452; CHEBI:44281; CHEBI:13393;
    CHEBI:29234; CHEBI:15846; CHEBI:13357; CHEBI:21902; CHEBI:13396; CHEBI:12820;
    CHEBI:30797; CHEBI:21901; CHEBI:24636; CHEBI:423; CHEBI:44214; CHEBI:29233; CHEBI:14703;
    CHEBI:5584; CHEBI:11066; CHEBI:13394; CHEBI:57945; CHEBI:25734; CHEBI:44216; CHEBI:18784;
    CHEBI:25731; CHEBI:13140; CHEBI:57540; CHEBI:7423; CHEBI:30744; CHEBI:18785; CHEBI:13389;
    CHEBI:13395; CHEBI:15378; CHEBI:7812; CHEBI:24958; CHEBI:10744; CHEBI:44215; CHEBI:7422;
    CHEBI:16908

    KEGG IDs: KEGG:C00003; KEGG:C00080; KEGG:C00036; KEGG:C00149; KEGG:C00004'
- id: sabiork_113_EC1_1_1_37_Thermus_thermophilus_P10584_NADH
  name: Reaction catalyzed by malate dehydrogenase on NADH
  equation: L-Malate + NAD+ = NADH + H+ + Oxaloacetate
  smiles_equation: null
  reversible: true
  reactants:
  - species_id: substrate_NADH
  - species_id: substrate_Oxaloacetate
  products:
  - species_id: product_NAD_
  - species_id: product_L-Malate
  modifiers:
  - species_id: protein_1_1_1_37_P10584_p21497
    role: BIOCATALYST
  selectivity: null
  Rheaid: 21432;21433;21434;21435
  KEGGid: R00342
  notes: 'ChEBI IDs: CHEBI:24959; CHEBI:15589; CHEBI:16452; CHEBI:44281; CHEBI:13393;
    CHEBI:29234; CHEBI:15846; CHEBI:13357; CHEBI:21902; CHEBI:13396; CHEBI:12820;
    CHEBI:30797; CHEBI:21901; CHEBI:24636; CHEBI:423; CHEBI:44214; CHEBI:29233; CHEBI:14703;
    CHEBI:5584; CHEBI:13394; CHEBI:11066; CHEBI:57945; CHEBI:25734; CHEBI:44216; CHEBI:18784;
    CHEBI:25731; CHEBI:13140; CHEBI:57540; CHEBI:7423; CHEBI:30744; CHEBI:18785; CHEBI:13389;
    CHEBI:13395; CHEBI:15378; CHEBI:7812; CHEBI:24958; CHEBI:10744; CHEBI:44215; CHEBI:7422;
    CHEBI:16908

    KEGG IDs: KEGG:C00080; KEGG:C00149; KEGG:C00036; KEGG:C00003; KEGG:C00004'
- id: sabiork_143_EC1_1_1_37_Thermus_thermophilus_P10584_NADPH
  name: Reaction catalyzed by malate dehydrogenase (NADP+) on NADPH
  equation: NADP+ + L-Malate = NADPH + Oxaloacetate + H+
  smiles_equation: null
  reversible: true
  reactants:
  - species_id: substrate_NADPH
  - species_id: substrate_Oxaloacetate
  products:
  - species_id: product_L-Malate
  - species_id: product_NADP_
  modifiers:
  - species_id: protein_1_1_1_37_P10584_p21490
    role: BIOCATALYST
  selectivity: null
  Rheaid: 10824;10825;10826;10827
  KEGGid: R00343
  notes: 'ChEBI IDs: CHEBI:24959; CHEBI:13397; CHEBI:13398; CHEBI:15589; CHEBI:7424;
    CHEBI:16452; CHEBI:44405; CHEBI:21903; CHEBI:7425; CHEBI:29234; CHEBI:13357; CHEBI:25523;
    CHEBI:12820; CHEBI:30797; CHEBI:24636; CHEBI:423; CHEBI:29233; CHEBI:14703; CHEBI:5584;
    CHEBI:13399; CHEBI:11066; CHEBI:25734; CHEBI:18784; CHEBI:16474; CHEBI:44286;
    CHEBI:25731; CHEBI:13140; CHEBI:30744; CHEBI:18785; CHEBI:21904; CHEBI:44409;
    CHEBI:15378; CHEBI:7812; CHEBI:18009; CHEBI:58349; CHEBI:24958; CHEBI:13400; CHEBI:57783;
    CHEBI:10744

    KEGG IDs: KEGG:C00005; KEGG:C00080; KEGG:C00006; KEGG:C00036; KEGG:C00149; KEGG:C11037'
- id: sabiork_143_EC1_1_1_37_Thermus_thermophilus_P10584_NADPH
  name: Reaction catalyzed by malate dehydrogenase (NADP+) on NADPH
  equation: NADP+ + L-Malate = NADPH + Oxaloacetate + H+
  smiles_equation: null
  reversible: true
  reactants:
  - species_id: substrate_NADPH
  - species_id: substrate_Oxaloacetate
  products:
  - species_id: product_L-Malate
  - species_id: product_NADP_
  modifiers:
  - species_id: protein_1_1_1_37_P10584_p21493
    role: BIOCATALYST
  selectivity: null
  Rheaid: 10824;10825;10826;10827
  KEGGid: R00343
  notes: 'ChEBI IDs: CHEBI:24959; CHEBI:13397; CHEBI:13398; CHEBI:15589; CHEBI:7424;
    CHEBI:16452; CHEBI:44405; CHEBI:21903; CHEBI:7425; CHEBI:29234; CHEBI:13357; CHEBI:25523;
    CHEBI:12820; CHEBI:30797; CHEBI:24636; CHEBI:423; CHEBI:29233; CHEBI:14703; CHEBI:5584;
    CHEBI:13399; CHEBI:11066; CHEBI:25734; CHEBI:18784; CHEBI:16474; CHEBI:44286;
    CHEBI:25731; CHEBI:13140; CHEBI:30744; CHEBI:18785; CHEBI:21904; CHEBI:44409;
    CHEBI:15378; CHEBI:7812; CHEBI:18009; CHEBI:58349; CHEBI:24958; CHEBI:13400; CHEBI:57783;
    CHEBI:10744

    KEGG IDs: KEGG:C00005; KEGG:C00080; KEGG:C00006; KEGG:C00036; KEGG:C00149; KEGG:C11037'
- id: sabiork_143_EC1_1_1_37_Thermus_thermophilus_P10584_NADPH
  name: Reaction catalyzed by malate dehydrogenase (NADP+) on NADPH
  equation: NADP+ + L-Malate = NADPH + Oxaloacetate + H+
  smiles_equation: null
  reversible: true
  reactants:
  - species_id: substrate_NADPH
  - species_id: substrate_Oxaloacetate
  products:
  - species_id: product_NADP_
  - species_id: product_L-Malate
  modifiers:
  - species_id: protein_1_1_1_37_P10584_p21504
    role: BIOCATALYST
  selectivity: null
  Rheaid: 10824;10825;10826;10827
  KEGGid: R00343
  notes: 'ChEBI IDs: CHEBI:24959; CHEBI:13397; CHEBI:13398; CHEBI:15589; CHEBI:7424;
    CHEBI:16452; CHEBI:44405; CHEBI:21903; CHEBI:7425; CHEBI:29234; CHEBI:13357; CHEBI:25523;
    CHEBI:12820; CHEBI:30797; CHEBI:24636; CHEBI:423; CHEBI:29233; CHEBI:14703; CHEBI:5584;
    CHEBI:13399; CHEBI:11066; CHEBI:25734; CHEBI:18784; CHEBI:16474; CHEBI:44286;
    CHEBI:25731; CHEBI:13140; CHEBI:30744; CHEBI:18785; CHEBI:21904; CHEBI:44409;
    CHEBI:15378; CHEBI:7812; CHEBI:18009; CHEBI:58349; CHEBI:24958; CHEBI:13400; CHEBI:57783;
    CHEBI:10744

    KEGG IDs: KEGG:C00005; KEGG:C00080; KEGG:C00006; KEGG:C00036; KEGG:C00149; KEGG:C11037'
- id: sabiork_143_EC1_1_1_37_Thermus_thermophilus_P10584_NADPH
  name: Reaction catalyzed by malate dehydrogenase (NADP+) on NADPH
  equation: NADP+ + L-Malate = NADPH + Oxaloacetate + H+
  smiles_equation: null
  reversible: true
  reactants:
  - species_id: substrate_NADPH
  - species_id: substrate_Oxaloacetate
  products:
  - species_id: product_L-Malate
  - species_id: product_NADP_
  modifiers:
  - species_id: protein_1_1_1_37_P10584_p21496
    role: BIOCATALYST
  selectivity: null
  Rheaid: 10824;10825;10826;10827
  KEGGid: R00343
  notes: 'ChEBI IDs: CHEBI:24959; CHEBI:13397; CHEBI:13398; CHEBI:15589; CHEBI:7424;
    CHEBI:16452; CHEBI:44405; CHEBI:21903; CHEBI:7425; CHEBI:29234; CHEBI:13357; CHEBI:25523;
    CHEBI:12820; CHEBI:30797; CHEBI:24636; CHEBI:423; CHEBI:29233; CHEBI:14703; CHEBI:5584;
    CHEBI:13399; CHEBI:11066; CHEBI:25734; CHEBI:18784; CHEBI:16474; CHEBI:44286;
    CHEBI:25731; CHEBI:13140; CHEBI:30744; CHEBI:18785; CHEBI:21904; CHEBI:44409;
    CHEBI:15378; CHEBI:7812; CHEBI:18009; CHEBI:58349; CHEBI:24958; CHEBI:13400; CHEBI:57783;
    CHEBI:10744

    KEGG IDs: KEGG:C00005; KEGG:C00080; KEGG:C00006; KEGG:C00036; KEGG:C00149; KEGG:C11037'
- id: sabiork_113_EC1_1_1_37_Thermus_thermophilus_P10584_NAD_
  name: Reaction catalyzed by malate dehydrogenase on NAD+
  equation: L-Malate + NAD+ = NADH + H+ + Oxaloacetate
  smiles_equation: null
  reversible: true
  reactants:
  - species_id: substrate_NAD_
  - species_id: substrate_L-Malate
  products:
  - species_id: product_NADH
  - species_id: product_Oxaloacetate
  modifiers:
  - species_id: protein_1_1_1_37_P10584_p7566
    role: BIOCATALYST
  selectivity: null
  Rheaid: 21432;21433;21434;21435
  KEGGid: R00342
  notes: 'ChEBI IDs: CHEBI:24959; CHEBI:15589; CHEBI:44281; CHEBI:16452; CHEBI:13393;
    CHEBI:29234; CHEBI:15846; CHEBI:13357; CHEBI:21902; CHEBI:13396; CHEBI:30797;
    CHEBI:12820; CHEBI:21901; CHEBI:423; CHEBI:24636; CHEBI:44214; CHEBI:29233; CHEBI:14703;
    CHEBI:5584; CHEBI:11066; CHEBI:13394; CHEBI:57945; CHEBI:25734; CHEBI:44216; CHEBI:18784;
    CHEBI:25731; CHEBI:13140; CHEBI:57540; CHEBI:7423; CHEBI:18785; CHEBI:30744; CHEBI:13389;
    CHEBI:15378; CHEBI:13395; CHEBI:7812; CHEBI:24958; CHEBI:44215; CHEBI:10744; CHEBI:7422;
    CHEBI:16908

    KEGG IDs: KEGG:C00080; KEGG:C00149; KEGG:C00036; KEGG:C00003; KEGG:C00004'
- id: sabiork_113_EC1_1_1_37_Thermus_thermophilus_P10584_NAD_
  name: Reaction catalyzed by malate dehydrogenase on NAD+
  equation: L-Malate + NAD+ = NADH + H+ + Oxaloacetate
  smiles_equation: null
  reversible: true
  reactants:
  - species_id: substrate_NAD_
  - species_id: substrate_L-Malate
  products:
  - species_id: product_NADH
  - species_id: product_Oxaloacetate
  modifiers:
  - species_id: protein_1_1_1_37_P10584_p7569
    role: BIOCATALYST
  selectivity: null
  Rheaid: 21432;21433;21434;21435
  KEGGid: R00342
  notes: 'ChEBI IDs: CHEBI:24959; CHEBI:15589; CHEBI:44281; CHEBI:16452; CHEBI:13393;
    CHEBI:29234; CHEBI:15846; CHEBI:13357; CHEBI:21902; CHEBI:13396; CHEBI:30797;
    CHEBI:12820; CHEBI:21901; CHEBI:423; CHEBI:24636; CHEBI:44214; CHEBI:29233; CHEBI:14703;
    CHEBI:5584; CHEBI:11066; CHEBI:13394; CHEBI:57945; CHEBI:25734; CHEBI:44216; CHEBI:18784;
    CHEBI:25731; CHEBI:13140; CHEBI:57540; CHEBI:7423; CHEBI:18785; CHEBI:30744; CHEBI:13389;
    CHEBI:15378; CHEBI:13395; CHEBI:7812; CHEBI:24958; CHEBI:44215; CHEBI:10744; CHEBI:7422;
    CHEBI:16908

    KEGG IDs: KEGG:C00080; KEGG:C00149; KEGG:C00036; KEGG:C00003; KEGG:C00004'
- id: sabiork_143_EC1_1_1_37_Thermus_thermophilus_P10584_NADPH
  name: Reaction catalyzed by malate dehydrogenase (NADP+) on NADPH
  equation: NADP+ + L-Malate = NADPH + Oxaloacetate + H+
  smiles_equation: null
  reversible: true
  reactants:
  - species_id: substrate_NADPH
  - species_id: substrate_Oxaloacetate
  products:
  - species_id: product_NADP_
  - species_id: product_L-Malate
  modifiers:
  - species_id: protein_1_1_1_37_P10584_p21502
    role: BIOCATALYST
  selectivity: null
  Rheaid: 10824;10825;10826;10827
  KEGGid: R00343
  notes: 'ChEBI IDs: CHEBI:24959; CHEBI:13397; CHEBI:13398; CHEBI:15589; CHEBI:7424;
    CHEBI:16452; CHEBI:44405; CHEBI:21903; CHEBI:7425; CHEBI:29234; CHEBI:13357; CHEBI:25523;
    CHEBI:12820; CHEBI:30797; CHEBI:24636; CHEBI:423; CHEBI:29233; CHEBI:14703; CHEBI:5584;
    CHEBI:13399; CHEBI:11066; CHEBI:25734; CHEBI:18784; CHEBI:16474; CHEBI:44286;
    CHEBI:25731; CHEBI:13140; CHEBI:30744; CHEBI:18785; CHEBI:21904; CHEBI:44409;
    CHEBI:15378; CHEBI:7812; CHEBI:18009; CHEBI:58349; CHEBI:24958; CHEBI:13400; CHEBI:57783;
    CHEBI:10744

    KEGG IDs: KEGG:C00005; KEGG:C00080; KEGG:C00006; KEGG:C00036; KEGG:C00149; KEGG:C11037'
- id: sabiork_113_EC1_1_1_37_Thermus_thermophilus_P10584_NAD_
  name: Reaction catalyzed by malate dehydrogenase on NAD+
  equation: L-Malate + NAD+ = NADH + H+ + Oxaloacetate
  smiles_equation: null
  reversible: true
  reactants:
  - species_id: substrate_NAD_
  - species_id: substrate_L-Malate
  products:
  - species_id: product_Oxaloacetate
  - species_id: product_NADH
  modifiers:
  - species_id: protein_1_1_1_37_P10584_p7568
    role: BIOCATALYST
  selectivity: null
  Rheaid: 21432;21433;21434;21435
  KEGGid: R00342
  notes: 'ChEBI IDs: CHEBI:24959; CHEBI:15589; CHEBI:44281; CHEBI:16452; CHEBI:13393;
    CHEBI:29234; CHEBI:15846; CHEBI:13357; CHEBI:21902; CHEBI:12820; CHEBI:30797;
    CHEBI:13396; CHEBI:21901; CHEBI:423; CHEBI:24636; CHEBI:44214; CHEBI:29233; CHEBI:14703;
    CHEBI:5584; CHEBI:11066; CHEBI:13394; CHEBI:25734; CHEBI:57945; CHEBI:44216; CHEBI:18784;
    CHEBI:25731; CHEBI:13140; CHEBI:57540; CHEBI:7423; CHEBI:18785; CHEBI:30744; CHEBI:13389;
    CHEBI:15378; CHEBI:13395; CHEBI:7812; CHEBI:24958; CHEBI:44215; CHEBI:10744; CHEBI:7422;
    CHEBI:16908

    KEGG IDs: KEGG:C00080; KEGG:C00149; KEGG:C00036; KEGG:C00003; KEGG:C00004'
- id: sabiork_143_EC1_1_1_37_Thermus_thermophilus_P10584_Oxaloacetate
  name: Reaction catalyzed by malate dehydrogenase (NADP+) on Oxaloacetate
  equation: NADP+ + L-Malate = NADPH + Oxaloacetate + H+
  smiles_equation: null
  reversible: true
  reactants:
  - species_id: substrate_Oxaloacetate
  - species_id: substrate_NADPH
  products:
  - species_id: product_L-Malate
  - species_id: product_NADP_
  modifiers:
  - species_id: protein_1_1_1_37_P10584_p21492
    role: BIOCATALYST
  selectivity: null
  Rheaid: 10824;10825;10826;10827
  KEGGid: R00343
  notes: 'ChEBI IDs: CHEBI:24959; CHEBI:13397; CHEBI:13398; CHEBI:15589; CHEBI:7424;
    CHEBI:16452; CHEBI:44405; CHEBI:21903; CHEBI:7425; CHEBI:29234; CHEBI:13357; CHEBI:25523;
    CHEBI:12820; CHEBI:30797; CHEBI:24636; CHEBI:423; CHEBI:29233; CHEBI:14703; CHEBI:5584;
    CHEBI:13399; CHEBI:11066; CHEBI:25734; CHEBI:18784; CHEBI:16474; CHEBI:44286;
    CHEBI:25731; CHEBI:13140; CHEBI:30744; CHEBI:18785; CHEBI:21904; CHEBI:44409;
    CHEBI:15378; CHEBI:7812; CHEBI:18009; CHEBI:58349; CHEBI:24958; CHEBI:13400; CHEBI:57783;
    CHEBI:10744

    KEGG IDs: KEGG:C00005; KEGG:C00080; KEGG:C00006; KEGG:C00036; KEGG:C00149; KEGG:C11037'
- id: sabiork_113_EC1_1_1_37_Thermus_thermophilus_P10584_Oxaloacetate
  name: Reaction catalyzed by malate dehydrogenase on Oxaloacetate
  equation: L-Malate + NAD+ = NADH + H+ + Oxaloacetate
  smiles_equation: null
  reversible: true
  reactants:
  - species_id: substrate_Oxaloacetate
  - species_id: substrate_NADH
  products:
  - species_id: product_NAD_
  - species_id: product_L-Malate
  modifiers:
  - species_id: protein_1_1_1_37_P10584_p6839
    role: BIOCATALYST
  selectivity: null
  Rheaid: 21432;21433;21434;21435
  KEGGid: R00342
  notes: 'ChEBI IDs: CHEBI:24959; CHEBI:15589; CHEBI:16452; CHEBI:44281; CHEBI:13393;
    CHEBI:29234; CHEBI:15846; CHEBI:13357; CHEBI:21902; CHEBI:12820; CHEBI:13396;
    CHEBI:30797; CHEBI:21901; CHEBI:24636; CHEBI:423; CHEBI:44214; CHEBI:29233; CHEBI:14703;
    CHEBI:5584; CHEBI:13394; CHEBI:11066; CHEBI:25734; CHEBI:57945; CHEBI:44216; CHEBI:18784;
    CHEBI:25731; CHEBI:13140; CHEBI:57540; CHEBI:7423; CHEBI:30744; CHEBI:18785; CHEBI:13389;
    CHEBI:15378; CHEBI:13395; CHEBI:7812; CHEBI:24958; CHEBI:10744; CHEBI:44215; CHEBI:7422;
    CHEBI:16908

    KEGG IDs: KEGG:C00080; KEGG:C00149; KEGG:C00036; KEGG:C00003; KEGG:C00004'
- id: sabiork_10304_EC1_1_1_37_Thermus_thermophilus_P10584_NHDPH
  name: Reaction catalyzed by malate dehydrogenase on NHDPH
  equation: Oxaloacetate + H+ + NHDPH = L-Malate + NHDP+
  smiles_equation: null
  reversible: true
  reactants:
  - species_id: substrate_NHDPH
  - species_id: substrate_Oxaloacetate
  products:
  - species_id: product_L-Malate
  - species_id: product_NHDP_
  modifiers:
  - species_id: protein_1_1_1_37_P10584_p21506
    role: BIOCATALYST
  selectivity: null
  Rheaid: null
  KEGGid: null
  notes: 'ChEBI IDs: CHEBI:24959; CHEBI:15589; CHEBI:16452; CHEBI:29234; CHEBI:13357;
    CHEBI:12820; CHEBI:30797; CHEBI:24636; CHEBI:423; CHEBI:29233; CHEBI:14703; CHEBI:5584;
    CHEBI:11066; CHEBI:25734; CHEBI:18784; CHEBI:25731; CHEBI:13140; CHEBI:30744;
    CHEBI:18785; CHEBI:15378; CHEBI:7812; CHEBI:24958; CHEBI:10744

    KEGG IDs: KEGG:C00149; KEGG:C00080; KEGG:C00036'
- id: sabiork_143_EC1_1_1_37_Thermus_thermophilus_P10584_Oxaloacetate
  name: Reaction catalyzed by malate dehydrogenase (NADP+) on Oxaloacetate
  equation: NADP+ + L-Malate = NADPH + Oxaloacetate + H+
  smiles_equation: null
  reversible: true
  reactants:
  - species_id: substrate_Oxaloacetate
  - species_id: substrate_NADPH
  products:
  - species_id: product_NADP_
  - species_id: product_L-Malate
  modifiers:
  - species_id: protein_1_1_1_37_P10584_p21494
    role: BIOCATALYST
  selectivity: null
  Rheaid: 10824;10825;10826;10827
  KEGGid: R00343
  notes: 'ChEBI IDs: CHEBI:24959; CHEBI:13397; CHEBI:13398; CHEBI:15589; CHEBI:7424;
    CHEBI:16452; CHEBI:44405; CHEBI:21903; CHEBI:7425; CHEBI:29234; CHEBI:13357; CHEBI:25523;
    CHEBI:12820; CHEBI:30797; CHEBI:24636; CHEBI:423; CHEBI:29233; CHEBI:14703; CHEBI:5584;
    CHEBI:13399; CHEBI:11066; CHEBI:25734; CHEBI:18784; CHEBI:16474; CHEBI:44286;
    CHEBI:25731; CHEBI:13140; CHEBI:30744; CHEBI:18785; CHEBI:21904; CHEBI:44409;
    CHEBI:15378; CHEBI:7812; CHEBI:18009; CHEBI:58349; CHEBI:24958; CHEBI:13400; CHEBI:57783;
    CHEBI:10744

    KEGG IDs: KEGG:C00005; KEGG:C00080; KEGG:C00006; KEGG:C00036; KEGG:C00149; KEGG:C11037'
- id: sabiork_143_EC1_1_1_37_Thermus_thermophilus_P10584_Oxaloacetate
  name: Reaction catalyzed by malate dehydrogenase (NADP+) on Oxaloacetate
  equation: NADP+ + L-Malate = NADPH + Oxaloacetate + H+
  smiles_equation: null
  reversible: true
  reactants:
  - species_id: substrate_Oxaloacetate
  - species_id: substrate_NADPH
  products:
  - species_id: product_NADP_
  - species_id: product_L-Malate
  modifiers:
  - species_id: protein_1_1_1_37_P10584_p21498
    role: BIOCATALYST
  selectivity: null
  Rheaid: 10824;10825;10826;10827
  KEGGid: R00343
  notes: 'ChEBI IDs: CHEBI:24959; CHEBI:13397; CHEBI:13398; CHEBI:15589; CHEBI:7424;
    CHEBI:16452; CHEBI:44405; CHEBI:21903; CHEBI:7425; CHEBI:29234; CHEBI:13357; CHEBI:25523;
    CHEBI:12820; CHEBI:30797; CHEBI:24636; CHEBI:423; CHEBI:29233; CHEBI:14703; CHEBI:5584;
    CHEBI:13399; CHEBI:11066; CHEBI:25734; CHEBI:18784; CHEBI:16474; CHEBI:44286;
    CHEBI:25731; CHEBI:13140; CHEBI:30744; CHEBI:18785; CHEBI:21904; CHEBI:44409;
    CHEBI:15378; CHEBI:7812; CHEBI:18009; CHEBI:58349; CHEBI:24958; CHEBI:13400; CHEBI:57783;
    CHEBI:10744

    KEGG IDs: KEGG:C00005; KEGG:C00080; KEGG:C00006; KEGG:C00036; KEGG:C00149; KEGG:C11037'
- id: sabiork_113_EC1_1_1_37_Thermus_thermophilus_P10584_Oxaloacetate
  name: Reaction catalyzed by malate dehydrogenase on Oxaloacetate
  equation: L-Malate + NAD+ = NADH + H+ + Oxaloacetate
  smiles_equation: null
  reversible: true
  reactants:
  - species_id: substrate_Oxaloacetate
  - species_id: substrate_NADH
  products:
  - species_id: product_NAD_
  - species_id: product_L-Malate
  modifiers:
  - species_id: protein_1_1_1_37_P10584_p21499
    role: BIOCATALYST
  selectivity: null
  Rheaid: 21432;21433;21434;21435
  KEGGid: R00342
  notes: 'ChEBI IDs: CHEBI:24959; CHEBI:15589; CHEBI:16452; CHEBI:44281; CHEBI:13393;
    CHEBI:29234; CHEBI:15846; CHEBI:13357; CHEBI:21902; CHEBI:12820; CHEBI:13396;
    CHEBI:30797; CHEBI:21901; CHEBI:24636; CHEBI:423; CHEBI:44214; CHEBI:29233; CHEBI:14703;
    CHEBI:5584; CHEBI:13394; CHEBI:11066; CHEBI:25734; CHEBI:57945; CHEBI:44216; CHEBI:18784;
    CHEBI:25731; CHEBI:13140; CHEBI:57540; CHEBI:7423; CHEBI:30744; CHEBI:18785; CHEBI:13389;
    CHEBI:15378; CHEBI:13395; CHEBI:7812; CHEBI:24958; CHEBI:10744; CHEBI:44215; CHEBI:7422;
    CHEBI:16908

    KEGG IDs: KEGG:C00080; KEGG:C00149; KEGG:C00036; KEGG:C00003; KEGG:C00004'
- id: sabiork_143_EC1_1_1_37_Thermus_thermophilus_P10584_Oxaloacetate
  name: Reaction catalyzed by malate dehydrogenase (NADP+) on Oxaloacetate
  equation: NADP+ + L-Malate = NADPH + Oxaloacetate + H+
  smiles_equation: null
  reversible: true
  reactants:
  - species_id: substrate_Oxaloacetate
  - species_id: substrate_NADPH
  products:
  - species_id: product_L-Malate
  - species_id: product_NADP_
  modifiers:
  - species_id: protein_1_1_1_37_P10584_p21500
    role: BIOCATALYST
  selectivity: null
  Rheaid: 10824;10825;10826;10827
  KEGGid: R00343
  notes: 'ChEBI IDs: CHEBI:24959; CHEBI:13397; CHEBI:13398; CHEBI:15589; CHEBI:7424;
    CHEBI:16452; CHEBI:44405; CHEBI:21903; CHEBI:7425; CHEBI:29234; CHEBI:13357; CHEBI:25523;
    CHEBI:12820; CHEBI:30797; CHEBI:24636; CHEBI:423; CHEBI:29233; CHEBI:14703; CHEBI:5584;
    CHEBI:13399; CHEBI:11066; CHEBI:25734; CHEBI:18784; CHEBI:16474; CHEBI:44286;
    CHEBI:25731; CHEBI:13140; CHEBI:30744; CHEBI:18785; CHEBI:21904; CHEBI:44409;
    CHEBI:15378; CHEBI:7812; CHEBI:18009; CHEBI:58349; CHEBI:24958; CHEBI:13400; CHEBI:57783;
    CHEBI:10744

    KEGG IDs: KEGG:C00005; KEGG:C00080; KEGG:C00006; KEGG:C00036; KEGG:C00149; KEGG:C11037'
- id: sabiork_113_EC1_1_1_37_Thermus_thermophilus_P10584_Oxaloacetate
  name: Reaction catalyzed by malate dehydrogenase on Oxaloacetate
  equation: L-Malate + NAD+ = NADH + H+ + Oxaloacetate
  smiles_equation: null
  reversible: true
  reactants:
  - species_id: substrate_Oxaloacetate
  - species_id: substrate_NADH
  products:
  - species_id: product_NAD_
  - species_id: product_L-Malate
  modifiers:
  - species_id: protein_1_1_1_37_P10584_p21501
    role: BIOCATALYST
  selectivity: null
  Rheaid: 21432;21433;21434;21435
  KEGGid: R00342
  notes: 'ChEBI IDs: CHEBI:24959; CHEBI:15589; CHEBI:16452; CHEBI:44281; CHEBI:13393;
    CHEBI:29234; CHEBI:15846; CHEBI:13357; CHEBI:21902; CHEBI:12820; CHEBI:13396;
    CHEBI:30797; CHEBI:21901; CHEBI:24636; CHEBI:423; CHEBI:44214; CHEBI:29233; CHEBI:14703;
    CHEBI:5584; CHEBI:13394; CHEBI:11066; CHEBI:25734; CHEBI:57945; CHEBI:44216; CHEBI:18784;
    CHEBI:25731; CHEBI:13140; CHEBI:57540; CHEBI:7423; CHEBI:30744; CHEBI:18785; CHEBI:13389;
    CHEBI:13395; CHEBI:15378; CHEBI:7812; CHEBI:24958; CHEBI:10744; CHEBI:44215; CHEBI:7422;
    CHEBI:16908

    KEGG IDs: KEGG:C00080; KEGG:C00149; KEGG:C00036; KEGG:C00003; KEGG:C00004'
- id: sabiork_10308_EC1_1_1_37_Thermus_thermophilus_P10584_Oxaloacetate
  name: Reaction catalyzed by malate dehydrogenase on Oxaloacetate
  equation: Oxaloacetate + H+ + Deamino-NADH = L-Malate + Nicotinamide hypoxanthine
    dinucleotide
  smiles_equation: null
  reversible: true
  reactants:
  - species_id: substrate_Oxaloacetate
  - species_id: substrate_Deamino-NADH
  products:
  - species_id: product_L-Malate
  - species_id: product_Nicotinamide_hypoxanthine_dinucleotide
  modifiers:
  - species_id: protein_1_1_1_37_P10584_p21505
    role: BIOCATALYST
  selectivity: null
  Rheaid: null
  KEGGid: null
  notes: 'ChEBI IDs: CHEBI:24959; CHEBI:15589; CHEBI:16452; CHEBI:29234; CHEBI:13357;
    CHEBI:12820; CHEBI:30797; CHEBI:7558; CHEBI:24636; CHEBI:423; CHEBI:29233; CHEBI:14703;
    CHEBI:5584; CHEBI:11066; CHEBI:25525; CHEBI:25734; CHEBI:18784; CHEBI:25731; CHEBI:13140;
    CHEBI:27416; CHEBI:30744; CHEBI:18785; CHEBI:15378; CHEBI:7812; CHEBI:24958; CHEBI:10744

    KEGG IDs: KEGG:C00149; KEGG:C04423; KEGG:C00080; KEGG:C00036'
- id: sabiork_113_EC1_1_1_37_Thermus_thermophilus_P10584_Oxaloacetate
  name: Reaction catalyzed by malate dehydrogenase on Oxaloacetate
  equation: L-Malate + NAD+ = NADH + H+ + Oxaloacetate
  smiles_equation: null
  reversible: true
  reactants:
  - species_id: substrate_Oxaloacetate
  - species_id: substrate_NADH
  products:
  - species_id: product_NAD_
  - species_id: product_L-Malate
  modifiers:
  - species_id: protein_1_1_1_37_P10584_p7562
    role: BIOCATALYST
  selectivity: null
  Rheaid: 21432;21433;21434;21435
  KEGGid: R00342
  notes: 'ChEBI IDs: CHEBI:24959; CHEBI:15589; CHEBI:16452; CHEBI:44281; CHEBI:13393;
    CHEBI:29234; CHEBI:15846; CHEBI:13357; CHEBI:21902; CHEBI:12820; CHEBI:13396;
    CHEBI:30797; CHEBI:21901; CHEBI:24636; CHEBI:423; CHEBI:44214; CHEBI:29233; CHEBI:14703;
    CHEBI:5584; CHEBI:13394; CHEBI:11066; CHEBI:25734; CHEBI:57945; CHEBI:44216; CHEBI:18784;
    CHEBI:25731; CHEBI:13140; CHEBI:57540; CHEBI:7423; CHEBI:30744; CHEBI:18785; CHEBI:13389;
    CHEBI:13395; CHEBI:15378; CHEBI:7812; CHEBI:24958; CHEBI:10744; CHEBI:44215; CHEBI:7422;
    CHEBI:16908

    KEGG IDs: KEGG:C00080; KEGG:C00149; KEGG:C00036; KEGG:C00003; KEGG:C00004'
- id: sabiork_113_EC1_1_1_37_Thermus_thermophilus_P10584_Oxaloacetate
  name: Reaction catalyzed by malate dehydrogenase on Oxaloacetate
  equation: L-Malate + NAD+ = NADH + H+ + Oxaloacetate
  smiles_equation: null
  reversible: true
  reactants:
  - species_id: substrate_Oxaloacetate
  - species_id: substrate_NADH
  products:
  - species_id: product_L-Malate
  - species_id: product_NAD_
  modifiers:
  - species_id: protein_1_1_1_37_P10584_p7563
    role: BIOCATALYST
  selectivity: null
  Rheaid: 21432;21433;21434;21435
  KEGGid: R00342
  notes: 'ChEBI IDs: CHEBI:24959; CHEBI:15589; CHEBI:16452; CHEBI:44281; CHEBI:13393;
    CHEBI:29234; CHEBI:15846; CHEBI:13357; CHEBI:21902; CHEBI:12820; CHEBI:13396;
    CHEBI:30797; CHEBI:21901; CHEBI:24636; CHEBI:423; CHEBI:44214; CHEBI:29233; CHEBI:14703;
    CHEBI:5584; CHEBI:11066; CHEBI:13394; CHEBI:25734; CHEBI:57945; CHEBI:44216; CHEBI:18784;
    CHEBI:25731; CHEBI:13140; CHEBI:57540; CHEBI:7423; CHEBI:30744; CHEBI:18785; CHEBI:13389;
    CHEBI:15378; CHEBI:13395; CHEBI:7812; CHEBI:24958; CHEBI:10744; CHEBI:44215; CHEBI:7422;
    CHEBI:16908

    KEGG IDs: KEGG:C00003; KEGG:C00080; KEGG:C00036; KEGG:C00149; KEGG:C00004'
- id: sabiork_113_EC1_1_1_37_Thermus_thermophilus_P10584_Oxaloacetate
  name: Reaction catalyzed by malate dehydrogenase on Oxaloacetate
  equation: L-Malate + NAD+ = NADH + H+ + Oxaloacetate
  smiles_equation: null
  reversible: true
  reactants:
  - species_id: substrate_Oxaloacetate
  - species_id: substrate_NADH
  products:
  - species_id: product_L-Malate
  - species_id: product_NAD_
  modifiers:
  - species_id: protein_1_1_1_37_P10584_p7565
    role: BIOCATALYST
  selectivity: null
  Rheaid: 21432;21433;21434;21435
  KEGGid: R00342
  notes: 'ChEBI IDs: CHEBI:24959; CHEBI:15589; CHEBI:16452; CHEBI:44281; CHEBI:13393;
    CHEBI:29234; CHEBI:15846; CHEBI:13357; CHEBI:21902; CHEBI:12820; CHEBI:13396;
    CHEBI:30797; CHEBI:21901; CHEBI:24636; CHEBI:423; CHEBI:44214; CHEBI:29233; CHEBI:14703;
    CHEBI:5584; CHEBI:11066; CHEBI:13394; CHEBI:25734; CHEBI:57945; CHEBI:44216; CHEBI:18784;
    CHEBI:25731; CHEBI:13140; CHEBI:57540; CHEBI:7423; CHEBI:30744; CHEBI:18785; CHEBI:13389;
    CHEBI:13395; CHEBI:15378; CHEBI:7812; CHEBI:24958; CHEBI:10744; CHEBI:44215; CHEBI:7422;
    CHEBI:16908

    KEGG IDs: KEGG:C00003; KEGG:C00080; KEGG:C00036; KEGG:C00149; KEGG:C00004'
- id: sabiork_113_EC1_1_1_37_Thermus_thermophilus_P10584_Oxaloacetate
  name: Reaction catalyzed by malate dehydrogenase on Oxaloacetate
  equation: L-Malate + NAD+ = NADH + H+ + Oxaloacetate
  smiles_equation: null
  reversible: true
  reactants:
  - species_id: substrate_Oxaloacetate
  - species_id: substrate_NADH
  products:
  - species_id: product_NAD_
  - species_id: product_L-Malate
  modifiers:
  - species_id: protein_1_1_1_37_P10584_p21485
    role: BIOCATALYST
  selectivity: null
  Rheaid: 21432;21433;21434;21435
  KEGGid: R00342
  notes: 'ChEBI IDs: CHEBI:24959; CHEBI:15589; CHEBI:16452; CHEBI:44281; CHEBI:13393;
    CHEBI:29234; CHEBI:15846; CHEBI:13357; CHEBI:21902; CHEBI:12820; CHEBI:13396;
    CHEBI:30797; CHEBI:21901; CHEBI:24636; CHEBI:423; CHEBI:44214; CHEBI:29233; CHEBI:14703;
    CHEBI:5584; CHEBI:13394; CHEBI:11066; CHEBI:25734; CHEBI:57945; CHEBI:44216; CHEBI:18784;
    CHEBI:25731; CHEBI:13140; CHEBI:57540; CHEBI:7423; CHEBI:30744; CHEBI:18785; CHEBI:13389;
    CHEBI:15378; CHEBI:13395; CHEBI:7812; CHEBI:24958; CHEBI:10744; CHEBI:44215; CHEBI:7422;
    CHEBI:16908

    KEGG IDs: KEGG:C00080; KEGG:C00149; KEGG:C00036; KEGG:C00003; KEGG:C00004'
- id: sabiork_113_EC1_1_1_37_Thermus_thermophilus_P10584_Oxaloacetate
  name: Reaction catalyzed by malate dehydrogenase on Oxaloacetate
  equation: L-Malate + NAD+ = NADH + H+ + Oxaloacetate
  smiles_equation: null
  reversible: true
  reactants:
  - species_id: substrate_Oxaloacetate
  - species_id: substrate_NADH
  products:
  - species_id: product_L-Malate
  - species_id: product_NAD_
  modifiers:
  - species_id: protein_1_1_1_37_P10584_p21486
    role: BIOCATALYST
  selectivity: null
  Rheaid: 21432;21433;21434;21435
  KEGGid: R00342
  notes: 'ChEBI IDs: CHEBI:24959; CHEBI:15589; CHEBI:16452; CHEBI:44281; CHEBI:13393;
    CHEBI:29234; CHEBI:15846; CHEBI:13357; CHEBI:21902; CHEBI:12820; CHEBI:13396;
    CHEBI:30797; CHEBI:21901; CHEBI:24636; CHEBI:423; CHEBI:44214; CHEBI:29233; CHEBI:14703;
    CHEBI:5584; CHEBI:11066; CHEBI:13394; CHEBI:25734; CHEBI:57945; CHEBI:44216; CHEBI:18784;
    CHEBI:25731; CHEBI:13140; CHEBI:57540; CHEBI:7423; CHEBI:30744; CHEBI:18785; CHEBI:13389;
    CHEBI:13395; CHEBI:15378; CHEBI:7812; CHEBI:24958; CHEBI:10744; CHEBI:44215; CHEBI:7422;
    CHEBI:16908

    KEGG IDs: KEGG:C00003; KEGG:C00080; KEGG:C00036; KEGG:C00149; KEGG:C00004'
- id: sabiork_113_EC1_1_1_37_Thermus_thermophilus_P10584_Oxaloacetate
  name: Reaction catalyzed by malate dehydrogenase on Oxaloacetate
  equation: L-Malate + NAD+ = NADH + H+ + Oxaloacetate
  smiles_equation: null
  reversible: true
  reactants:
  - species_id: substrate_Oxaloacetate
  - species_id: substrate_NADH
  products:
  - species_id: product_NAD_
  - species_id: product_L-Malate
  modifiers:
  - species_id: protein_1_1_1_37_P10584_p21488
    role: BIOCATALYST
  selectivity: null
  Rheaid: 21432;21433;21434;21435
  KEGGid: R00342
  notes: 'ChEBI IDs: CHEBI:24959; CHEBI:15589; CHEBI:16452; CHEBI:44281; CHEBI:13393;
    CHEBI:29234; CHEBI:15846; CHEBI:13357; CHEBI:21902; CHEBI:12820; CHEBI:13396;
    CHEBI:30797; CHEBI:21901; CHEBI:24636; CHEBI:423; CHEBI:44214; CHEBI:29233; CHEBI:14703;
    CHEBI:5584; CHEBI:13394; CHEBI:11066; CHEBI:25734; CHEBI:57945; CHEBI:44216; CHEBI:18784;
    CHEBI:25731; CHEBI:13140; CHEBI:57540; CHEBI:7423; CHEBI:30744; CHEBI:18785; CHEBI:13389;
    CHEBI:15378; CHEBI:13395; CHEBI:7812; CHEBI:24958; CHEBI:10744; CHEBI:44215; CHEBI:7422;
    CHEBI:16908

    KEGG IDs: KEGG:C00080; KEGG:C00149; KEGG:C00036; KEGG:C00003; KEGG:C00004'
- id: sabiork_143_EC1_1_1_37_Thermus_thermophilus_P10584_Oxaloacetate
  name: Reaction catalyzed by malate dehydrogenase (NADP+) on Oxaloacetate
  equation: NADP+ + L-Malate = NADPH + Oxaloacetate + H+
  smiles_equation: null
  reversible: true
  reactants:
  - species_id: substrate_Oxaloacetate
  - species_id: substrate_NADPH
  products:
  - species_id: product_L-Malate
  - species_id: product_NADP_
  modifiers:
  - species_id: protein_1_1_1_37_P10584_p21491
    role: BIOCATALYST
  selectivity: null
  Rheaid: 10824;10825;10826;10827
  KEGGid: R00343
  notes: 'ChEBI IDs: CHEBI:24959; CHEBI:13397; CHEBI:13398; CHEBI:15589; CHEBI:7424;
    CHEBI:16452; CHEBI:44405; CHEBI:21903; CHEBI:7425; CHEBI:29234; CHEBI:13357; CHEBI:25523;
    CHEBI:12820; CHEBI:30797; CHEBI:24636; CHEBI:423; CHEBI:29233; CHEBI:14703; CHEBI:5584;
    CHEBI:13399; CHEBI:11066; CHEBI:25734; CHEBI:18784; CHEBI:16474; CHEBI:44286;
    CHEBI:25731; CHEBI:13140; CHEBI:30744; CHEBI:18785; CHEBI:21904; CHEBI:44409;
    CHEBI:15378; CHEBI:7812; CHEBI:18009; CHEBI:58349; CHEBI:24958; CHEBI:13400; CHEBI:57783;
    CHEBI:10744

    KEGG IDs: KEGG:C00005; KEGG:C00080; KEGG:C00006; KEGG:C00036; KEGG:C00149; KEGG:C11037'
- id: sabiork_113_EC1_1_1_37_Thermus_thermophilus_P10584_Oxaloacetate
  name: Reaction catalyzed by malate dehydrogenase on Oxaloacetate
  equation: L-Malate + NAD+ = NADH + H+ + Oxaloacetate
  smiles_equation: null
  reversible: true
  reactants:
  - species_id: substrate_Oxaloacetate
  - species_id: substrate_NADH
  products:
  - species_id: product_NAD_
  - species_id: product_L-Malate
  modifiers:
  - species_id: protein_1_1_1_37_P10584_p21489
    role: BIOCATALYST
  selectivity: null
  Rheaid: 21432;21433;21434;21435
  KEGGid: R00342
  notes: 'ChEBI IDs: CHEBI:24959; CHEBI:15589; CHEBI:16452; CHEBI:44281; CHEBI:13393;
