version: '2.0'
created: '2025-11-20T13:39:30.155487'
modified: null
creators:
- given_name: SABIO-RK
  family_name: Database
  mail: sabiork@h-its.org
vessels: null
proteins:
- id: protein_1_11_1_1_P37062_p27677
  name: nitric oxide dioxygenase
  ecnumber: 1.11.1.1
  organism: Enterococcus faecalis
  organism_tax_id: null
  synonymous_names: null
  variant_type: mutant
  variant_description: R303M
  uniprotid: P37062
  wildtype_sequence: MKVIVLGSSHGGYEAVEELLNLHPDAEIQWYEKGDFISFLSCGMQLYLEGKVKDVNSVRYMTGEKMESRGVNVFSNTEITAIQPKEHQVTVKDLVSGEERVENYDKLIISPGAVPFELDIPGKDLDNIYLMRGRQWAIKLKQKTVDPEVNNVVVIGSGYIGIEAAEAFAKAGKKVTVIDILDRPLGVYLDKEFTDVLTEEMEANNITIATGETVERYEGDGRVQKIVTDKNAYDADLVVVAVGVRPNTAWLKGTLELHPNGLIKTDEYMRTSEPDVFAVGDATLIKYNPADTEVNIALATNARKQGRFAVKNLEEPVKPFPGVQGSSGLAVFDYKFASTGINEVMAQKLGKETKAVTVVEDYLMDFNPDKQKAWFKLVYDPETTQILGAQLMSKADLTANINAISLAIQAKMTIEDLAYADFFFQPAFDKPWNIINTAALEAVKQER
  mutant_sequence: MKVIVLGSSHGGYEAVEELLNLHPDAEIQWYEKGDFISFLSCGMQLYLEGKVKDVNSVRYMTGEKMESRGVNVFSNTEITAIQPKEHQVTVKDLVSGEERVENYDKLIISPGAVPFELDIPGKDLDNIYLMRGRQWAIKLKQKTVDPEVNNVVVIGSGYIGIEAAEAFAKAGKKVTVIDILDRPLGVYLDKEFTDVLTEEMEANNITIATGETVERYEGDGRVQKIVTDKNAYDADLVVVAVGVRPNTAWLKGTLELHPNGLIKTDEYMRTSEPDVFAVGDATLIKYNPADTEVNIALATNAMKQGRFAVKNLEEPVKPFPGVQGSSGLAVFDYKFASTGINEVMAQKLGKETKAVTVVEDYLMDFNPDKQKAWFKLVYDPETTQILGAQLMSKADLTANINAISLAIQAKMTIEDLAYADFFFQPAFDKPWNIINTAALEAVKQER
complexes: null
small_molecules:
- id: substrate_NADH
  name: NADH
  canonical_smiles: null
  inchi: null
  inchikey: null
  synonymous_names: null
  KEGGid: null
  CHEbIid: null
  notes: null
- id: product_NAD_
  name: NAD+
  canonical_smiles: null
  inchi: null
  inchikey: null
  synonymous_names: null
  KEGGid: null
  CHEbIid: null
  notes: null
- id: activator
  name: null
  canonical_smiles: null
  inchi: null
  inchikey: null
  synonymous_names: null
  KEGGid: null
  CHEbIid: null
  notes: null
- id: inhibitor
  name: null
  canonical_smiles: null
  inchi: null
  inchikey: null
  synonymous_names: null
  KEGGid: null
  CHEbIid: null
  notes: null
- id: cofactor
  name: null
  canonical_smiles: null
  inchi: null
  inchikey: null
  synonymous_names: null
  KEGGid: null
  CHEbIid: null
  notes: null
- id: metal
  name: null
  canonical_smiles: null
  inchi: null
  inchikey: null
  synonymous_names: null
  KEGGid: null
  CHEbIid: null
  notes: null
- id: substrate_Reduced_3-acetylpyridine-adenine_dinucleotide
  name: Reduced 3-acetylpyridine-adenine dinucleotide
  canonical_smiles: null
  inchi: null
  inchikey: null
  synonymous_names: null
  KEGGid: null
  CHEbIid: null
  notes: null
- id: product_3-Acetylpyridine-adenine_dinucleotide
  name: 3-Acetylpyridine-adenine dinucleotide
  canonical_smiles: null
  inchi: null
  inchikey: null
  synonymous_names: null
  KEGGid: null
  CHEbIid: null
  notes: null
reactions:
- id: sabiork_369_EC1_11_1_1_Enterococcus_faecalis_P37062_NADH
  name: Reaction catalyzed by nitric oxide dioxygenase on NADH
  equation: H2O2 + H+ + NADH = NAD+ + H2O
  smiles_equation: null
  reversible: true
  reactants:
  - species_id: substrate_NADH
  products:
  - species_id: product_NAD_
  modifiers:
  - species_id: protein_1_11_1_1_P37062_p27677
    role: BIOCATALYST
  selectivity: null
  Rheaid: 18509;18510;18511;18512
  KEGGid: R00090
  notes: 'ChEBI IDs: CHEBI:29375; CHEBI:13354; CHEBI:44819; CHEBI:41981; CHEBI:29192;
    CHEBI:24637; CHEBI:44281; CHEBI:42857; CHEBI:41979; CHEBI:13393; CHEBI:29234;
    CHEBI:15846; CHEBI:13357; CHEBI:16240; CHEBI:21902; CHEBI:13396; CHEBI:21901;
    CHEBI:13355; CHEBI:42043; CHEBI:24636; CHEBI:44214; CHEBI:29233; CHEBI:33811;
    CHEBI:5584; CHEBI:33813; CHEBI:27313; CHEBI:13394; CHEBI:15377; CHEBI:13352; CHEBI:57945;
    CHEBI:44216; CHEBI:57540; CHEBI:43228; CHEBI:7423; CHEBI:44292; CHEBI:33806; CHEBI:13389;
    CHEBI:10743; CHEBI:44812; CHEBI:5585; CHEBI:29374; CHEBI:15378; CHEBI:13395; CHEBI:5586;
    CHEBI:10744; CHEBI:44215; CHEBI:29373; CHEBI:44701; CHEBI:7422; CHEBI:16908

    KEGG IDs: KEGG:C00080; KEGG:C00001; KEGG:C00027; KEGG:C00003; KEGG:C00004'
- id: sabiork_369_EC1_11_1_1_Enterococcus_faecalis_P37062_NADH
  name: Reaction catalyzed by nitric oxide dioxygenase on NADH
  equation: H2O2 + H+ + NADH = NAD+ + H2O
  smiles_equation: null
  reversible: true
  reactants:
  - species_id: substrate_NADH
  products:
  - species_id: product_NAD_
  modifiers:
  - species_id: protein_1_11_1_1_P37062_p27678
    role: BIOCATALYST
  selectivity: null
  Rheaid: 18509;18510;18511;18512
  KEGGid: R00090
  notes: 'ChEBI IDs: CHEBI:29375; CHEBI:13354; CHEBI:44819; CHEBI:41981; CHEBI:29192;
    CHEBI:24637; CHEBI:44281; CHEBI:42857; CHEBI:13393; CHEBI:41979; CHEBI:29234;
    CHEBI:15846; CHEBI:16240; CHEBI:13357; CHEBI:21902; CHEBI:13396; CHEBI:21901;
    CHEBI:13355; CHEBI:42043; CHEBI:24636; CHEBI:44214; CHEBI:29233; CHEBI:33811;
    CHEBI:5584; CHEBI:13394; CHEBI:33813; CHEBI:27313; CHEBI:15377; CHEBI:13352; CHEBI:57945;
    CHEBI:44216; CHEBI:57540; CHEBI:43228; CHEBI:7423; CHEBI:44292; CHEBI:13389; CHEBI:33806;
    CHEBI:10743; CHEBI:44812; CHEBI:5585; CHEBI:29374; CHEBI:13395; CHEBI:15378; CHEBI:5586;
    CHEBI:10744; CHEBI:44215; CHEBI:29373; CHEBI:44701; CHEBI:7422; CHEBI:16908

    KEGG IDs: KEGG:C00080; KEGG:C00001; KEGG:C00027; KEGG:C00003; KEGG:C00004'
- id: sabiork_369_EC1_11_1_1_Enterococcus_faecalis_P37062_NADH
  name: Reaction catalyzed by nitric oxide dioxygenase on NADH
  equation: H2O2 + H+ + NADH = NAD+ + H2O
  smiles_equation: null
  reversible: true
  reactants:
  - species_id: substrate_NADH
  products:
  - species_id: product_NAD_
  modifiers:
  - species_id: protein_1_11_1_1_P37062_p27679
    role: BIOCATALYST
  selectivity: null
  Rheaid: 18509;18510;18511;18512
  KEGGid: R00090
  notes: 'ChEBI IDs: CHEBI:29375; CHEBI:13354; CHEBI:44819; CHEBI:41981; CHEBI:29192;
    CHEBI:24637; CHEBI:44281; CHEBI:42857; CHEBI:13393; CHEBI:41979; CHEBI:29234;
    CHEBI:15846; CHEBI:16240; CHEBI:13357; CHEBI:21902; CHEBI:13396; CHEBI:21901;
    CHEBI:13355; CHEBI:42043; CHEBI:24636; CHEBI:44214; CHEBI:29233; CHEBI:33811;
    CHEBI:5584; CHEBI:13394; CHEBI:33813; CHEBI:27313; CHEBI:15377; CHEBI:13352; CHEBI:57945;
    CHEBI:44216; CHEBI:57540; CHEBI:43228; CHEBI:7423; CHEBI:44292; CHEBI:13389; CHEBI:33806;
    CHEBI:10743; CHEBI:44812; CHEBI:5585; CHEBI:29374; CHEBI:15378; CHEBI:13395; CHEBI:5586;
    CHEBI:10744; CHEBI:44215; CHEBI:29373; CHEBI:44701; CHEBI:7422; CHEBI:16908

    KEGG IDs: KEGG:C00080; KEGG:C00001; KEGG:C00027; KEGG:C00003; KEGG:C00004'
- id: sabiork_10990_EC1_11_1_1_Enterococcus_faecalis_P37062_Reduced_3-acetylpyridine-adenine_dinucleotide
  name: Reaction catalyzed by NADH peroxidase on Reduced 3-acetylpyridine-adenine
    dinucleotide
  equation: H+ + H2O2 + Reduced 3-acetylpyridine-adenine dinucleotide = H2O + 3-Acetylpyridine-adenine
    dinucleotide
  smiles_equation: null
  reversible: true
  reactants:
  - species_id: substrate_Reduced_3-acetylpyridine-adenine_dinucleotide
  products:
  - species_id: product_3-Acetylpyridine-adenine_dinucleotide
  modifiers:
  - species_id: protein_1_11_1_1_P37062_p27680
    role: BIOCATALYST
  selectivity: null
  Rheaid: null
  KEGGid: null
  notes: 'ChEBI IDs: CHEBI:29375; CHEBI:13354; CHEBI:44819; CHEBI:41981; CHEBI:29192;
    CHEBI:24637; CHEBI:42857; CHEBI:41979; CHEBI:29234; CHEBI:13357; CHEBI:16240;
    CHEBI:13355; CHEBI:42043; CHEBI:24636; CHEBI:29233; CHEBI:33811; CHEBI:5584; CHEBI:33813;
    CHEBI:27313; CHEBI:15377; CHEBI:13352; CHEBI:43228; CHEBI:44292; CHEBI:33806;
    CHEBI:10743; CHEBI:44812; CHEBI:5585; CHEBI:29374; CHEBI:15378; CHEBI:5586; CHEBI:10744;
    CHEBI:29373; CHEBI:44701

    KEGG IDs: KEGG:C00001; KEGG:C00080; KEGG:C00027'
measurements:
- id: measurement_1_11_1_1_Enterococcus_faecalis_P37062_NADH
  name: Experimental conditions (TN)
  species_data: null
  ph_opt: 7.0
  temperature_opt: 5.0
  temperature_unit: °C
- id: measurement_1_11_1_1_Enterococcus_faecalis_P37062_NADH
  name: Experimental conditions (TN)
  species_data: null
  ph_opt: 7.0
  temperature_opt: 5.0
  temperature_unit: °C
- id: measurement_1_11_1_1_Enterococcus_faecalis_P37062_NADH
  name: Experimental conditions (TN)
  species_data: null
  ph_opt: 5.4
  temperature_opt: 25.0
  temperature_unit: °C
- id: measurement_1_11_1_1_Enterococcus_faecalis_P37062_Reduced_3-acetylpyridine-adenine_dinucleotide
  name: Experimental conditions (TN)
  species_data: null
  ph_opt: 7.0
  temperature_opt: 5.0
  temperature_unit: °C
equations: null
parameters:
- id: 1_11_1_1_Enterococcus_faecalis_P37062_NADH_kcat_1
  name: kcat
  symbol: null
  value: null
  unit: 1/s
  initial_value: 3.0
  upper_bound: null
  lower_bound: null
  associated_species: substrate_NADH
  original_name: null
  parameter.type: KINETIC_CONSTANT
  pH: 7.0
  temperature: 5.0
  temperature_unit: °C
  notes: null
  pubmed_id: '10956025'
- id: 1_11_1_1_Enterococcus_faecalis_P37062_NADH_Km_1
  name: Km
  symbol: null
  value: null
  unit: M
  initial_value: 1.0e-06
  upper_bound: null
  lower_bound: null
  associated_species: substrate_NADH
  original_name: null
  parameter.type: KINETIC_CONSTANT
  pH: 7.0
  temperature: 5.0
  temperature_unit: °C
  notes: null
  pubmed_id: '10956025'
- id: 1_11_1_1_Enterococcus_faecalis_P37062_NADH_kcat_1
  name: kcat
  symbol: null
  value: null
  unit: 1/s
  initial_value: 3.0
  upper_bound: null
  lower_bound: null
  associated_species: substrate_NADH
  original_name: null
  parameter.type: KINETIC_CONSTANT
  pH: 7.0
  temperature: 5.0
  temperature_unit: °C
  notes: null
  pubmed_id: '10956025'
- id: 1_11_1_1_Enterococcus_faecalis_P37062_NADH_Km_1
  name: Km
  symbol: null
  value: null
  unit: M
  initial_value: 0.0064
  upper_bound: null
  lower_bound: null
  associated_species: substrate_NADH
  original_name: null
  parameter.type: KINETIC_CONSTANT
  pH: 7.0
  temperature: 5.0
  temperature_unit: °C
  notes: null
  pubmed_id: '10956025'
- id: 1_11_1_1_Enterococcus_faecalis_P37062_NADH_kcat_1
  name: kcat
  symbol: null
  value: null
  unit: 1/s
  initial_value: 8.2
  upper_bound: null
  lower_bound: null
  associated_species: substrate_NADH
  original_name: null
  parameter.type: KINETIC_CONSTANT
  pH: 5.4
  temperature: 25.0
  temperature_unit: °C
  notes: null
  pubmed_id: '10956025'
- id: 1_11_1_1_Enterococcus_faecalis_P37062_NADH_Km_1
  name: Km
  symbol: null
  value: null
  unit: M
  initial_value: 0.0057
  upper_bound: null
  lower_bound: null
  associated_species: substrate_NADH
  original_name: null
  parameter.type: KINETIC_CONSTANT
  pH: 5.4
  temperature: 25.0
  temperature_unit: °C
  notes: null
  pubmed_id: '10956025'
- id: 1_11_1_1_Enterococcus_faecalis_P37062_NADH_kcat_Km_1
  name: kcat/Km
  symbol: null
  value: null
  unit: 1/(M*s)
  initial_value: 1400.0
  upper_bound: null
  lower_bound: null
  associated_species: substrate_NADH
  original_name: null
  parameter.type: SPECIFICITY_CONSTANT
  pH: 5.4
  temperature: 25.0
  temperature_unit: °C
  notes: null
  pubmed_id: '10956025'
- id: 1_11_1_1_Enterococcus_faecalis_P37062_Reduced_3-acetylpyridine-adenine_dinucleotide_Km_1
  name: Km
  symbol: null
  value: null
  unit: M
  initial_value: 0.0001
  upper_bound: null
  lower_bound: null
  associated_species: substrate_Reduced_3-acetylpyridine-adenine_dinucleotide
  original_name: null
  parameter.type: KINETIC_CONSTANT
  pH: 7.0
  temperature: 5.0
  temperature_unit: °C
  notes: null
  pubmed_id: '10956025'
- id: 1_11_1_1_Enterococcus_faecalis_P37062_Reduced_3-acetylpyridine-adenine_dinucleotide_kcat_1
  name: kcat
  symbol: null
  value: null
  unit: 1/s
  initial_value: 0.1
  upper_bound: null
  lower_bound: null
  associated_species: substrate_Reduced_3-acetylpyridine-adenine_dinucleotide
  original_name: null
  parameter.type: KINETIC_CONSTANT
  pH: 7.0
  temperature: 5.0
  temperature_unit: °C
  notes: null
  pubmed_id: '10956025'
buffer:
  buffer: 50 mM potassium phosphate, 0.1 M potassium acetate, 0.5 mM EDTA
  buffer_concentration: null
references:
- title: Reference for SABIO-RK entry 27677
  authors: null
  year: null
  journal: SABIO-RK Database
  uri: https://pubmed.ncbi.nlm.nih.gov/10956025/
  pubmed_id: '10956025'
  doi: null
name: Merged entry for P37062 R303M
description: 'Merged from 4 files: SABIO_EC1.11.1.1_Enterococcus_faecalis__P37062_R303M_s_NADH.yaml,
  SABIO_EC1.11.1.1_Enterococcus_faecalis__P37062_R303M_s_NADH_2.yaml, SABIO_EC1.11.1.1_Enterococcus_faecalis__P37062_R303M_s_NADH_3.yaml,
  SABIO_EC1.11.1.1_Enterococcus_faecalis__P37062_R303M_s_Reduced.yaml'
