version: '2.0'
created: '2025-11-20T13:39:55.970987'
modified: null
creators:
- given_name: SABIO-RK
  family_name: Database
  mail: sabiork@h-its.org
vessels: null
proteins:
- id: protein_1_8_2_1_Q9LAH5_p6085
  name: sulfite dehydrogenase
  ecnumber: 1.8.2.1
  organism: Starkeya novella
  organism_tax_id: null
  synonymous_names: null
  variant_type: wildtype
  variant_description: wildtype
  uniprotid: Q9LAH5
  wildtype_sequence: MNHSKPRAPVDRRRFLNLVGLAGAGAGAVAAGVRPAAAGATPDPDIVNIPGWTQSLGAGVNNHPYGIPSPFEKDVVRREVTWLTASSESSVSFTPLYALDGIITPNGLCFVRHHGGEAEIDPARHRFMIHGMVDKPLVFTMEDIKRMPGRTNRAYFLECAANSGMEWRGAQLNGCQYTHGMIHNVVYTGVPLRAFLEAAGVKPKGKWVLAEGADASAMTRSIPIEKAMDDCLVAWAMNGEALRPEQGYPLRLVVPGWEGNMWIKWLRRVEIGDQPWGQREETSKYTDLLADGRSRRFTFFMDAKSVVTNPSPQAPLRAKGPNVVSGIAWSGRGTITRVDVSLDGGKNWTTARIEGPALPRSMTRFYLDFDWNGQELLLQSRAMDDSGYLQPTKAELRAVRGENSIYHNNGIQTWLVRSNGEAENVEVS
  mutant_sequence: null
complexes: null
small_molecules:
- id: substrate_Ferricytochrome_c
  name: Ferricytochrome c
  canonical_smiles: null
  inchi: null
  inchikey: null
  synonymous_names: null
  KEGGid: null
  CHEbIid: null
  notes: null
- id: substrate_Sulfite
  name: Sulfite
  canonical_smiles: null
  inchi: null
  inchikey: null
  synonymous_names: null
  KEGGid: null
  CHEbIid: null
  notes: null
- id: product_Ferrocytochrome_c
  name: Ferrocytochrome c
  canonical_smiles: null
  inchi: null
  inchikey: null
  synonymous_names: null
  KEGGid: null
  CHEbIid: null
  notes: null
- id: product_Sulfate
  name: Sulfate
  canonical_smiles: null
  inchi: null
  inchikey: null
  synonymous_names: null
  KEGGid: null
  CHEbIid: null
  notes: null
- id: activator
  name: null
  canonical_smiles: null
  inchi: null
  inchikey: null
  synonymous_names: null
  KEGGid: null
  CHEbIid: null
  notes: null
- id: inhibitor
  name: null
  canonical_smiles: null
  inchi: null
  inchikey: null
  synonymous_names: null
  KEGGid: null
  CHEbIid: null
  notes: null
- id: cofactor
  name: null
  canonical_smiles: null
  inchi: null
  inchikey: null
  synonymous_names: null
  KEGGid: null
  CHEbIid: null
  notes: null
- id: metal
  name: null
  canonical_smiles: null
  inchi: null
  inchikey: null
  synonymous_names: null
  KEGGid: null
  CHEbIid: null
  notes: null
reactions:
- id: sabiork_946_EC1_8_2_1_Starkeya_novella_Q9LAH5_Ferricytochrome_c
  name: Reaction catalyzed by sulfite dehydrogenase on Ferricytochrome c
  equation: Ferricytochrome c + Sulfite + H2O = Ferrocytochrome c + Sulfate
  smiles_equation: null
  reversible: true
  reactants:
  - species_id: substrate_Ferricytochrome_c
  - species_id: substrate_Sulfite
  products:
  - species_id: product_Ferrocytochrome_c
  - species_id: product_Sulfate
  modifiers:
  - species_id: protein_1_8_2_1_Q9LAH5_p6085
    role: BIOCATALYST
  selectivity: null
  Rheaid: null
  KEGGid: null
  notes: 'ChEBI IDs: CHEBI:29375; CHEBI:44819; CHEBI:41981; CHEBI:13367; CHEBI:16928;
    CHEBI:45687; CHEBI:9344; CHEBI:48854; CHEBI:42857; CHEBI:41979; CHEBI:17359; CHEBI:15991;
    CHEBI:29199; CHEBI:42043; CHEBI:15139; CHEBI:45693; CHEBI:9335; CHEBI:33811; CHEBI:33813;
    CHEBI:27313; CHEBI:15377; CHEBI:13352; CHEBI:43228; CHEBI:5598; CHEBI:44292; CHEBI:15135;
    CHEBI:33806; CHEBI:10743; CHEBI:29374; CHEBI:5585; CHEBI:26837; CHEBI:45696; CHEBI:17137;
    CHEBI:16189; CHEBI:45548; CHEBI:29373; CHEBI:44701; CHEBI:26836

    KEGG IDs: KEGG:C00125; KEGG:C00126; KEGG:C11481; KEGG:C00059; KEGG:C00001; KEGG:C00094'
- id: sabiork_946_EC1_8_2_1_Starkeya_novella_Q9LAH5_Ferricytochrome_c
  name: Reaction catalyzed by sulfite dehydrogenase on Ferricytochrome c
  equation: Ferricytochrome c + Sulfite + H2O = Ferrocytochrome c + Sulfate
  smiles_equation: null
  reversible: true
  reactants:
  - species_id: substrate_Ferricytochrome_c
  - species_id: substrate_Sulfite
  products:
  - species_id: product_Ferrocytochrome_c
  - species_id: product_Sulfate
  modifiers:
  - species_id: protein_1_8_2_1_Q9LAH5_p6082
    role: BIOCATALYST
  selectivity: null
  Rheaid: null
  KEGGid: null
  notes: 'ChEBI IDs: CHEBI:29375; CHEBI:44819; CHEBI:41981; CHEBI:13367; CHEBI:16928;
    CHEBI:45687; CHEBI:48854; CHEBI:9344; CHEBI:42857; CHEBI:41979; CHEBI:17359; CHEBI:15991;
    CHEBI:29199; CHEBI:42043; CHEBI:15139; CHEBI:45693; CHEBI:9335; CHEBI:33811; CHEBI:33813;
    CHEBI:27313; CHEBI:15377; CHEBI:13352; CHEBI:43228; CHEBI:5598; CHEBI:44292; CHEBI:15135;
    CHEBI:33806; CHEBI:10743; CHEBI:29374; CHEBI:5585; CHEBI:26837; CHEBI:45696; CHEBI:17137;
    CHEBI:16189; CHEBI:45548; CHEBI:29373; CHEBI:44701; CHEBI:26836

    KEGG IDs: KEGG:C00125; KEGG:C00126; KEGG:C11481; KEGG:C00059; KEGG:C00001; KEGG:C00094'
- id: sabiork_946_EC1_8_2_1_Starkeya_novella_Q9LAH5_Ferricytochrome_c
  name: Reaction catalyzed by sulfite dehydrogenase on Ferricytochrome c
  equation: Ferricytochrome c + Sulfite + H2O = Ferrocytochrome c + Sulfate
  smiles_equation: null
  reversible: true
  reactants:
  - species_id: substrate_Ferricytochrome_c
  - species_id: substrate_Sulfite
  products:
  - species_id: product_Ferrocytochrome_c
  - species_id: product_Sulfate
  modifiers:
  - species_id: protein_1_8_2_1_Q9LAH5_p6084
    role: BIOCATALYST
  selectivity: null
  Rheaid: null
  KEGGid: null
  notes: 'ChEBI IDs: CHEBI:29375; CHEBI:44819; CHEBI:41981; CHEBI:13367; CHEBI:16928;
    CHEBI:45687; CHEBI:48854; CHEBI:9344; CHEBI:42857; CHEBI:41979; CHEBI:17359; CHEBI:15991;
    CHEBI:29199; CHEBI:42043; CHEBI:15139; CHEBI:45693; CHEBI:9335; CHEBI:33811; CHEBI:33813;
    CHEBI:27313; CHEBI:15377; CHEBI:13352; CHEBI:43228; CHEBI:5598; CHEBI:44292; CHEBI:15135;
    CHEBI:33806; CHEBI:10743; CHEBI:29374; CHEBI:5585; CHEBI:26837; CHEBI:45696; CHEBI:17137;
    CHEBI:16189; CHEBI:45548; CHEBI:29373; CHEBI:44701; CHEBI:26836

    KEGG IDs: KEGG:C00125; KEGG:C00126; KEGG:C11481; KEGG:C00059; KEGG:C00001; KEGG:C00094'
- id: sabiork_946_EC1_8_2_1_Starkeya_novella_Q9LAH5_Sulfite
  name: Reaction catalyzed by sulfite dehydrogenase on Sulfite
  equation: Ferricytochrome c + Sulfite + H2O = Ferrocytochrome c + Sulfate
  smiles_equation: null
  reversible: true
  reactants:
  - species_id: substrate_Sulfite
  - species_id: substrate_Ferricytochrome_c
  products:
  - species_id: product_Sulfate
  - species_id: product_Ferrocytochrome_c
  modifiers:
  - species_id: protein_1_8_2_1_Q9LAH5_p6083
    role: BIOCATALYST
  selectivity: null
  Rheaid: null
  KEGGid: null
  notes: 'ChEBI IDs: CHEBI:29375; CHEBI:44819; CHEBI:41981; CHEBI:13367; CHEBI:16928;
    CHEBI:45687; CHEBI:9344; CHEBI:48854; CHEBI:42857; CHEBI:41979; CHEBI:17359; CHEBI:15991;
    CHEBI:29199; CHEBI:42043; CHEBI:15139; CHEBI:45693; CHEBI:9335; CHEBI:33811; CHEBI:33813;
    CHEBI:27313; CHEBI:15377; CHEBI:13352; CHEBI:43228; CHEBI:5598; CHEBI:44292; CHEBI:15135;
    CHEBI:33806; CHEBI:10743; CHEBI:29374; CHEBI:5585; CHEBI:26837; CHEBI:45696; CHEBI:17137;
    CHEBI:16189; CHEBI:45548; CHEBI:29373; CHEBI:44701; CHEBI:26836

    KEGG IDs: KEGG:C00125; KEGG:C11481; KEGG:C00126; KEGG:C00059; KEGG:C00001; KEGG:C00094'
measurements:
- id: measurement_1_8_2_1_Starkeya_novella_Q9LAH5_Ferricytochrome_c
  name: Experimental conditions (TN)
  species_data: null
  ph_opt: 8.0
  temperature_opt: 22.0
  temperature_unit: °C
- id: measurement_1_8_2_1_Starkeya_novella_Q9LAH5_Ferricytochrome_c
  name: Experimental conditions (TN)
  species_data: null
  ph_opt: 8.0
  temperature_opt: 22.0
  temperature_unit: °C
- id: measurement_1_8_2_1_Starkeya_novella_Q9LAH5_Ferricytochrome_c
  name: Experimental conditions (TN)
  species_data: null
  ph_opt: 8.0
  temperature_opt: 22.0
  temperature_unit: °C
- id: measurement_1_8_2_1_Starkeya_novella_Q9LAH5_Sulfite
  name: Experimental conditions (TN)
  species_data: null
  ph_opt: 8.0
  temperature_opt: 22.0
  temperature_unit: °C
equations: null
parameters:
- id: 1_8_2_1_Starkeya_novella_Q9LAH5_Ferricytochrome_c_Km_1
  name: Km
  symbol: null
  value: null
  unit: M
  initial_value: 2.7e-05
  upper_bound: null
  lower_bound: null
  associated_species: substrate_Ferricytochrome_c
  original_name: null
  parameter.type: KINETIC_CONSTANT
  pH: 8.0
  temperature: 22.0
  temperature_unit: °C
  notes: null
  pubmed_id: '10788424'
- id: 1_8_2_1_Starkeya_novella_Q9LAH5_Ferricytochrome_c_Vmax_1
  name: Vmax
  symbol: null
  value: null
  unit: mols-1g-1
  initial_value: 0.04166667
  upper_bound: null
  lower_bound: null
  associated_species: substrate_Ferricytochrome_c
  original_name: null
  parameter.type: KINETIC_CONSTANT
  pH: 8.0
  temperature: 22.0
  temperature_unit: °C
  notes: null
  pubmed_id: '10788424'
- id: 1_8_2_1_Starkeya_novella_Q9LAH5_Ferricytochrome_c_Vmax_1
  name: Vmax
  symbol: null
  value: null
  unit: mols-1g-1
  initial_value: 0.04166667
  upper_bound: null
  lower_bound: null
  associated_species: substrate_Ferricytochrome_c
  original_name: null
  parameter.type: KINETIC_CONSTANT
  pH: 8.0
  temperature: 22.0
  temperature_unit: °C
  notes: null
  pubmed_id: '10788424'
- id: 1_8_2_1_Starkeya_novella_Q9LAH5_Ferricytochrome_c_Km_1
  name: Km
  symbol: null
  value: null
  unit: M
  initial_value: 2.7e-05
  upper_bound: null
  lower_bound: null
  associated_species: substrate_Ferricytochrome_c
  original_name: null
  parameter.type: KINETIC_CONSTANT
  pH: 8.0
  temperature: 22.0
  temperature_unit: °C
  notes: null
  pubmed_id: '10788424'
- id: 1_8_2_1_Starkeya_novella_Q9LAH5_Ferricytochrome_c_Km_1
  name: Km
  symbol: null
  value: null
  unit: M
  initial_value: 2.5e-06
  upper_bound: null
  lower_bound: null
  associated_species: substrate_Ferricytochrome_c
  original_name: null
  parameter.type: KINETIC_CONSTANT
  pH: 8.0
  temperature: 22.0
  temperature_unit: °C
  notes: null
  pubmed_id: '10788424'
- id: 1_8_2_1_Starkeya_novella_Q9LAH5_Sulfite_Km_1
  name: Km
  symbol: null
  value: null
  unit: M
  initial_value: 4.0e-06
  upper_bound: null
  lower_bound: null
  associated_species: substrate_Sulfite
  original_name: null
  parameter.type: KINETIC_CONSTANT
  pH: 8.0
  temperature: 22.0
  temperature_unit: °C
  notes: null
  pubmed_id: '10788424'
- id: 1_8_2_1_Starkeya_novella_Q9LAH5_Sulfite_Vmax_1
  name: Vmax
  symbol: null
  value: null
  unit: mols-1g-1
  initial_value: 0.04166667
  upper_bound: null
  lower_bound: null
  associated_species: substrate_Sulfite
  original_name: null
  parameter.type: KINETIC_CONSTANT
  pH: 8.0
  temperature: 22.0
  temperature_unit: °C
  notes: null
  pubmed_id: '10788424'
buffer:
  buffer: 20 mM Tris-HCl; 20 mM TrisHCl, 20 mM EDTA
  buffer_concentration: null
references:
- title: Reference for SABIO-RK entry 6085
  authors: null
  year: null
  journal: SABIO-RK Database
  uri: https://pubmed.ncbi.nlm.nih.gov/10788424/
  pubmed_id: '10788424'
  doi: null
name: Merged entry for Q9LAH5 wildtype
description: 'Merged from 4 files: SABIO_EC1.8.2.1_Starkeya_novella__Q9LAH5_s_Ferricytochrome_3.yaml,
  SABIO_EC1.8.2.1_Starkeya_novella__Q9LAH5_s_Ferricytochrome.yaml, SABIO_EC1.8.2.1_Starkeya_novella__Q9LAH5_s_Ferricytochrome_2.yaml,
  SABIO_EC1.8.2.1_Starkeya_novella__Q9LAH5_s_Sulfite.yaml'
